WB_id,consensus_module,consensus_strength,chemical,logFC,FDR,is_detected,direction
WBGene00007875,2,0.8333333333333334,PFNA,-1.20105323927783,9.27240741866275e-06,True,down
WBGene00018398,2,0.9666666666666667,PFNA,0.496575906739003,1.00122169285351e-05,True,up
WBGene00013073,2,0.9666666666666667,PFNA,-1.65158154741916,1.66492188161026e-05,True,down
WBGene00008494,2,1.0,PFNA,-1.35050819511433,2.63164258358086e-05,True,down
WBGene00019495,2,1.0,PFNA,-0.607019583217819,0.0004137250550531,True,down
WBGene00013101,2,0.9333333333333333,PFNA,1.90255846686684,0.0006376964345803,True,up
WBGene00011222,2,1.0,PFNA,-0.339445599165015,0.0009359486808955,True,down
WBGene00018146,2,1.0,PFNA,-0.41470615401519,0.0009463123694243,True,down
WBGene00001775,2,1.0,PFNA,-0.449360845026144,0.0010307658435261,True,down
WBGene00000136,2,0.9333333333333333,PFNA,-0.776960400701253,0.0013482181682239,True,down
WBGene00003996,2,0.8,PFNA,0.281186190906073,0.0015905846728396,True,up
WBGene00019464,2,0.9333333333333333,PFNA,-0.550498897386422,0.0026413061805824,True,down
WBGene00018911,2,1.0,PFNA,-0.879228480616063,0.0037360065674695,True,down
WBGene00013946,2,1.0,PFNA,-0.688296012598219,0.004035544458221,True,down
WBGene00000302,2,0.5333333333333333,PFNA,-0.534043306503716,0.0041415728900308,True,down
WBGene00044488,2,0.9666666666666667,PFNA,0.948823572807861,0.0046926959484527,True,up
WBGene00008799,2,0.9666666666666667,PFNA,1.17092147950996,0.006840739316762,True,up
WBGene00016020,2,0.9333333333333333,PFNA,0.325661867652067,0.0079090116770333,True,up
WBGene00019973,2,1.0,PFNA,-0.431983975012744,0.013412611838208,True,down
WBGene00022382,2,1.0,PFNA,0.358057444685766,0.0147166312053867,True,up
WBGene00000172,2,1.0,PFNA,0.337247519583607,0.0147920211265229,True,up
WBGene00008594,2,0.9666666666666667,PFNA,0.331616474262575,0.0157225971745136,True,up
WBGene00020662,2,1.0,PFNA,-0.279292983958005,0.0166261649678898,True,down
WBGene00011932,2,1.0,PFNA,0.276025037988985,0.0177241817558986,True,up
WBGene00021359,2,1.0,PFNA,-0.423165718869962,0.0183300578939756,True,down
WBGene00022845,2,0.9,PFNA,0.769162185684374,0.0215849142110388,True,up
WBGene00013007,2,1.0,PFNA,-1.27514613083492,0.0228396936419339,True,down
WBGene00011102,2,1.0,PFNA,-0.224114841946923,0.023810588568694,True,down
WBGene00008923,2,0.9333333333333333,PFNA,-0.282799936935647,0.0241238058629274,True,down
WBGene00020756,2,0.9666666666666667,PFNA,0.276306986887751,0.026403975440609,True,up
WBGene00019673,2,1.0,PFNA,-0.303047033382449,0.0294541472754111,True,down
WBGene00016755,2,0.7666666666666667,PFNA,-0.697681457452538,0.0294541472754111,True,down
WBGene00020191,2,1.0,PFNA,-0.458415271227342,0.0367635934185607,True,down
WBGene00019005,2,1.0,PFNA,-0.316366780131372,0.0425813718346172,True,down
WBGene00008749,2,1.0,PFNA,0.301601846363237,0.0439461462675069,True,up
WBGene00010116,2,1.0,PFNA,-0.356794736152696,0.0464546271946743,True,down
WBGene00003837,2,1.0,PFNA,0.35456192108319,0.0476156170311452,True,up
WBGene00004020,2,1.0,PFNA,-0.449628918358515,0.0490348659244463,True,down
WBGene00000118,2,0.9333333333333333,PFNA,-0.329026759868872,0.0510941789062474,False,down
WBGene00018984,2,1.0,PFNA,-0.311358654223612,0.0521263088995564,False,down
WBGene00015932,2,0.9666666666666667,PFNA,1.26767776434638,0.0556385455195152,False,up
WBGene00012407,2,1.0,PFNA,0.303892946174312,0.0569721789287403,False,up
WBGene00020703,2,0.9333333333333333,PFNA,-0.218696372985257,0.0577594029636644,False,down
WBGene00020347,2,1.0,PFNA,0.210422851882636,0.0609510341808523,False,up
WBGene00010214,2,0.9666666666666667,PFNA,-0.433638509713665,0.0673298146477465,False,down
WBGene00008607,2,1.0,PFNA,-0.273654574641965,0.0680179867070208,False,down
WBGene00013872,2,1.0,PFNA,-0.461907841240751,0.0682174237381038,False,down
WBGene00020268,2,1.0,PFNA,0.197475220440781,0.0719151955297767,False,up
WBGene00011291,2,0.9333333333333333,PFNA,-0.272385889445102,0.0726877025350682,False,down
WBGene00011271,2,0.9666666666666667,PFNA,0.184810711309438,0.0844666859016627,False,up
WBGene00022613,2,1.0,PFNA,0.201022908937718,0.0853285374268464,False,up
WBGene00007220,2,1.0,PFNA,-0.359022347213037,0.0858508715180994,False,down
WBGene00018293,2,1.0,PFNA,-0.499906634758958,0.0858508715180994,False,down
WBGene00019345,2,1.0,PFNA,0.237692946640177,0.0879427837365176,False,up
WBGene00017594,2,1.0,PFNA,0.710937758354797,0.092174247599986,False,up
WBGene00000218,2,0.7666666666666667,PFNA,-0.250288030504838,0.0956943582544106,False,down
WBGene00022737,2,0.5333333333333333,PFNA,-0.437479305468589,0.0956943582544106,False,down
WBGene00021401,2,1.0,PFNA,0.232954652059127,0.0956959838706431,False,up
WBGene00008566,2,1.0,PFNA,0.426761530733817,0.0957483511960472,False,up
WBGene00000040,2,1.0,PFNA,0.20247332280119,0.104619137792366,False,up
WBGene00021534,2,1.0,PFNA,0.114956960466862,0.110618282434905,False,up
WBGene00016511,2,0.9333333333333333,PFNA,0.293296662329359,0.110775304744186,False,up
WBGene00018350,2,1.0,PFNA,-0.248859981268943,0.111043821038268,False,down
WBGene00019432,2,1.0,PFNA,-0.269794723316861,0.111043821038268,False,down
WBGene00022694,2,1.0,PFNA,-0.308206681085262,0.12121459235807,False,down
WBGene00009177,2,0.9666666666666667,PFNA,0.324367021158713,0.121427277704129,False,up
WBGene00022683,2,0.9666666666666667,PFNA,0.347516613842289,0.122806513764978,False,up
WBGene00019547,2,1.0,PFNA,-0.527147550016168,0.123146940117053,False,down
WBGene00017420,2,0.9666666666666667,PFNA,-0.778249806822777,0.125416715718683,False,down
WBGene00009952,2,0.7,PFNA,0.270562622692184,0.136334811374866,False,up
WBGene00016944,2,1.0,PFNA,-0.261396738780854,0.140370408838249,False,down
WBGene00008548,2,0.9666666666666667,PFNA,-0.265270619682897,0.140370408838249,False,down
WBGene00016631,2,1.0,PFNA,-0.179483825240678,0.141740509011478,False,down
WBGene00015117,2,1.0,PFNA,-0.315129574861934,0.143200189093794,False,down
WBGene00014086,2,0.9333333333333333,PFNA,-0.136649361480481,0.160611337865659,False,down
WBGene00009145,2,0.9,PFNA,-0.289561948055018,0.162509114555907,False,down
WBGene00007536,2,1.0,PFNA,0.333250943431116,0.174780208775678,False,up
WBGene00004061,2,1.0,PFNA,0.309157693181537,0.175197600045646,False,up
WBGene00001743,2,1.0,PFNA,-0.190127952601246,0.182499045372262,False,down
WBGene00000120,2,0.9666666666666667,PFNA,-0.174762614223232,0.182982272137241,False,down
WBGene00017092,2,1.0,PFNA,1.01242571521998,0.186757735706063,False,up
WBGene00022501,2,0.9666666666666667,PFNA,0.186872998931531,0.186757735706063,False,up
WBGene00014203,2,1.0,PFNA,0.292594945116114,0.186838559816388,False,up
WBGene00013716,2,1.0,PFNA,-0.226985021589073,0.187967296380342,False,down
WBGene00013947,2,1.0,PFNA,-0.663423129065315,0.198126116721205,False,down
WBGene00002985,2,0.9666666666666667,PFNA,-0.271088306719667,0.203576239663618,False,down
WBGene00007256,2,0.9333333333333333,PFNA,-0.157801346395962,0.206061806808409,False,down
WBGene00019215,2,0.9333333333333333,PFNA,-0.720714625402505,0.215085433576811,False,down
WBGene00007112,2,1.0,PFNA,-0.431715758192572,0.234087185461292,False,down
WBGene00003041,2,1.0,PFNA,-0.187663547295361,0.242658520688765,False,down
WBGene00020628,2,0.9333333333333333,PFNA,0.122395784964263,0.249696771222752,False,up
WBGene00020847,2,1.0,PFNA,-0.17532580376832,0.250918148561773,False,down
WBGene00018885,2,1.0,PFNA,0.294602166613412,0.256464733282646,False,up
WBGene00001501,2,1.0,PFNA,-0.229827578926757,0.256464733282646,False,down
WBGene00009385,2,1.0,PFNA,-0.285776148206152,0.260164084213629,False,down
WBGene00004958,2,0.9,PFNA,-0.417230192913002,0.260164084213629,False,down
WBGene00001372,2,1.0,PFNA,-0.332789238779982,0.265661007339638,False,down
WBGene00017535,2,1.0,PFNA,-1.1782763303683,0.265661007339638,False,down
WBGene00010749,2,0.7,PFNA,0.25525302460955,0.269626642548298,False,up
WBGene00022158,2,0.9333333333333333,PFNA,-0.23790177782427,0.269626642548298,False,down
WBGene00018045,2,1.0,PFNA,-0.387410187719189,0.269626642548298,False,down
WBGene00011747,2,0.9666666666666667,PFNA,-0.158348673331911,0.272534128899175,False,down
WBGene00004875,2,1.0,PFNA,-0.1843699262711,0.272534128899175,False,down
WBGene00017269,2,0.9,PFNA,-0.357140855762654,0.272534128899175,False,down
WBGene00007704,2,0.9666666666666667,PFNA,-0.235272855736774,0.273987937600562,False,down
WBGene00004297,2,1.0,PFNA,-0.331728830769394,0.289776585755277,False,down
WBGene00012923,2,0.9666666666666667,PFNA,-0.407124119399293,0.29152975306386,False,down
WBGene00012694,2,1.0,PFNA,-0.166029568865747,0.294841951217439,False,down
WBGene00009768,2,0.9333333333333333,PFNA,-0.632186583571659,0.308087085524979,False,down
WBGene00018343,2,1.0,PFNA,-0.730793577563135,0.308964571142094,False,down
WBGene00013551,2,1.0,PFNA,0.289016190236426,0.310626569129208,False,up
WBGene00022794,2,1.0,PFNA,-0.17888567035124,0.312674492954528,False,down
WBGene00022649,2,0.9666666666666667,PFNA,0.348726372242099,0.31480131111892,False,up
WBGene00001817,2,0.7,PFNA,-0.140690163800705,0.31480131111892,False,down
WBGene00002068,2,0.8,PFNA,-0.428923045850628,0.31480131111892,False,down
WBGene00016151,2,0.7,PFNA,-0.196487261915345,0.315532976639919,False,down
WBGene00012015,2,1.0,PFNA,0.223673275012453,0.316875513175186,False,up
WBGene00015403,2,0.9666666666666667,PFNA,-0.308333184068755,0.319050189429587,False,down
WBGene00012165,2,1.0,PFNA,-1.18404027355548,0.320461330096696,False,down
WBGene00001070,2,0.9333333333333333,PFNA,-1.37774074133998,0.320858780850396,False,down
WBGene00000257,2,0.8,PFNA,-0.298800748909408,0.323229009093973,False,down
WBGene00022486,2,0.6333333333333333,PFNA,-0.403279338343417,0.323229009093973,False,down
WBGene00009179,2,0.9666666666666667,PFNA,-0.343317752749517,0.324797117041605,False,down
WBGene00006897,2,1.0,PFNA,-0.370834795336606,0.326230423011948,False,down
WBGene00044723,2,1.0,PFNA,0.460473939490003,0.329182944271345,False,up
WBGene00000010,2,1.0,PFNA,-0.227222915713071,0.329239988676249,False,down
WBGene00012888,2,1.0,PFNA,-0.2922351159304,0.33563846693202,False,down
WBGene00001998,2,0.9666666666666667,PFNA,-0.441990778883373,0.342367467667819,False,down
WBGene00015124,2,0.9666666666666667,PFNA,-0.270069748324326,0.348440908647753,False,down
WBGene00044797,2,1.0,PFNA,-0.322796899123863,0.352414832507857,False,down
WBGene00007339,2,0.9666666666666667,PFNA,-0.336877811731348,0.352951649227127,False,down
WBGene00000240,2,0.9333333333333333,PFNA,0.215798785375311,0.353781011058983,False,up
WBGene00008336,2,0.9666666666666667,PFNA,-0.342923736590144,0.353781011058983,False,down
WBGene00002044,2,1.0,PFNA,0.195250647986223,0.35434944987411,False,up
WBGene00003576,2,0.9666666666666667,PFNA,-0.237781578400906,0.35434944987411,False,down
WBGene00011045,2,0.8666666666666667,PFNA,0.161101010687774,0.360091268947177,False,up
WBGene00017282,2,1.0,PFNA,-0.157063333871537,0.361438065981363,False,down
WBGene00001776,2,0.9333333333333333,PFNA,-0.443102190433997,0.363162217747615,False,down
WBGene00000802,2,1.0,PFNA,-0.117057383489416,0.366778662431195,False,down
WBGene00000785,2,1.0,PFNA,-0.277016382796215,0.369058726116642,False,down
WBGene00006585,2,0.7,PFNA,-0.213169934274506,0.370242488263145,False,down
WBGene00003956,2,1.0,PFNA,-0.168587575159119,0.371942215160358,False,down
WBGene00022864,2,1.0,PFNA,-0.180762642259587,0.371942215160358,False,down
WBGene00012037,2,1.0,PFNA,-0.182855910225357,0.371942215160358,False,down
WBGene00022025,2,1.0,PFNA,-0.192208043815547,0.371942215160358,False,down
WBGene00006887,2,0.9333333333333333,PFNA,0.18568759263021,0.372110679273341,False,up
WBGene00010319,2,0.9666666666666667,PFNA,-0.3929799473551,0.372110679273341,False,down
WBGene00020625,2,1.0,PFNA,-0.21699104328858,0.379606962561136,False,down
WBGene00017241,2,1.0,PFNA,0.277728969516029,0.382398924410012,False,up
WBGene00044499,2,1.0,PFNA,-0.682685978281239,0.388246162274865,False,down
WBGene00016714,2,1.0,PFNA,-0.388685345946721,0.388285942609157,False,down
WBGene00001996,2,0.9333333333333333,PFNA,-0.130274781007592,0.389940323553883,False,down
WBGene00020550,2,1.0,PFNA,-0.530908864047768,0.389940323553883,False,down
WBGene00012883,2,0.9666666666666667,PFNA,-0.611887274269733,0.390512842575667,False,down
WBGene00003375,2,0.5666666666666667,PFNA,-0.182516452622235,0.393430958421977,False,down
WBGene00008944,2,1.0,PFNA,0.354352607559446,0.394179940543387,False,up
WBGene00014244,2,1.0,PFNA,-0.306785234207138,0.395140545914545,False,down
WBGene00016134,2,1.0,PFNA,-0.160811349331405,0.395598061934063,False,down
WBGene00012330,2,1.0,PFNA,0.256805305660711,0.39938314421151,False,up
WBGene00000215,2,1.0,PFNA,-0.183608184195922,0.400310264123634,False,down
WBGene00000880,2,0.9666666666666667,PFNA,-0.118897551708083,0.401619684569612,False,down
WBGene00006610,2,1.0,PFNA,-0.230260156535593,0.401619684569612,False,down
WBGene00010197,2,1.0,PFNA,-0.148737055934094,0.401752545887785,False,down
WBGene00013204,2,1.0,PFNA,0.130814243090865,0.407348342768838,False,up
WBGene00008385,2,1.0,PFNA,-0.225149301515987,0.407348342768838,False,down
WBGene00044117,2,1.0,PFNA,0.801766794021259,0.408770361777731,False,up
WBGene00009469,2,1.0,PFNA,-0.253645506033313,0.421961305691546,False,down
WBGene00008683,2,0.9666666666666667,PFNA,-0.167611653151706,0.423779712303807,False,down
WBGene00022389,2,1.0,PFNA,0.122092040881143,0.425080456406853,False,up
WBGene00043066,2,1.0,PFNA,-0.243214899275876,0.427186517789901,False,down
WBGene00019250,2,0.9666666666666667,PFNA,0.153256640305836,0.427546485586667,False,up
WBGene00016667,2,1.0,PFNA,0.642853256914657,0.43331401068531,False,up
WBGene00004404,2,0.9666666666666667,PFNA,-0.181630414005459,0.436125245573126,False,down
WBGene00012875,2,1.0,PFNA,-0.157563029987572,0.438503928560843,False,down
WBGene00001948,2,1.0,PFNA,-0.296565156804055,0.439045045262439,False,down
WBGene00006442,2,1.0,PFNA,-0.150506451730854,0.441627102175339,False,down
WBGene00021362,2,0.9666666666666667,PFNA,0.179157833222836,0.44424082339338,False,up
WBGene00003161,2,1.0,PFNA,-0.333015904219227,0.445351499022545,False,down
WBGene00021209,2,1.0,PFNA,0.109701622992295,0.44898994018448,False,up
WBGene00000265,2,1.0,PFNA,-0.286295319628938,0.44898994018448,False,down
WBGene00044043,2,0.9666666666666667,PFNA,-1.13281787197414,0.449407991721115,False,down
WBGene00022610,2,0.9666666666666667,PFNA,0.188195691967054,0.451987205731253,False,up
WBGene00003768,2,1.0,PFNA,-0.515826155329243,0.452915186196398,False,down
WBGene00001768,2,1.0,PFNA,0.374487175563297,0.457287489103559,False,up
WBGene00007412,2,0.9333333333333333,PFNA,-0.129044785816257,0.457287489103559,False,down
WBGene00014020,2,1.0,PFNA,-0.192130529473415,0.457287489103559,False,down
WBGene00009665,2,1.0,PFNA,-0.186542962411409,0.458430188557298,False,down
WBGene00013088,2,0.9666666666666667,PFNA,0.789531804204651,0.458705835387352,False,up
WBGene00009644,2,0.9666666666666667,PFNA,-0.593929406135045,0.458705835387352,False,down
WBGene00012134,2,1.0,PFNA,-0.125664782053769,0.459944610133969,False,down
WBGene00020576,2,1.0,PFNA,-0.189510892802971,0.459944610133969,False,down
WBGene00007237,2,0.9333333333333333,PFNA,-0.200997792898366,0.459944610133969,False,down
WBGene00006674,2,1.0,PFNA,-0.317897211078013,0.46147271161339,False,down
WBGene00000002,2,1.0,PFNA,-0.242922456103164,0.461974047703923,False,down
WBGene00007108,2,1.0,PFNA,0.139924733362359,0.462712969818707,False,up
WBGene00020553,2,0.7666666666666667,PFNA,-0.13423526667727,0.462712969818707,False,down
WBGene00001819,2,1.0,PFNA,-0.169022261599019,0.462712969818707,False,down
WBGene00013074,2,0.9666666666666667,PFNA,-0.701999806056276,0.464067333105744,False,down
WBGene00007184,2,1.0,PFNA,-0.111686192363721,0.468012224674817,False,down
WBGene00004125,2,1.0,PFNA,-0.151382908557561,0.468012224674817,False,down
WBGene00020237,2,1.0,PFNA,-0.490784826185353,0.470086367217129,False,down
WBGene00018187,2,1.0,PFNA,-0.11090937754934,0.470903226099129,False,down
WBGene00016145,2,1.0,PFNA,-0.180036372956817,0.474014306922035,False,down
WBGene00008212,2,1.0,PFNA,0.438390928415645,0.474461583190797,False,up
WBGene00008929,2,0.9666666666666667,PFNA,-0.316080557014408,0.476698320693032,False,down
WBGene00008891,2,0.9,PFNA,-0.291463850497794,0.47799615551868,False,down
WBGene00019400,2,0.9666666666666667,PFNA,-0.161796911374366,0.478017740601292,False,down
WBGene00008408,2,1.0,PFNA,-0.221623210853265,0.48168843901169,False,down
WBGene00001156,2,0.9666666666666667,PFNA,0.203525088572686,0.485425267029056,False,up
WBGene00011522,2,0.9666666666666667,PFNA,0.180868064605289,0.485425267029056,False,up
WBGene00011938,2,1.0,PFNA,-0.288569179467174,0.485425267029056,False,down
WBGene00022887,2,0.9,PFNA,-0.314977873373496,0.485425267029056,False,down
WBGene00004887,2,0.9666666666666667,PFNA,-0.171947132272056,0.485535745455567,False,down
WBGene00008595,2,1.0,PFNA,0.164171599716736,0.48650264049893,False,up
WBGene00007695,2,1.0,PFNA,-0.191903680673365,0.488880749886848,False,down
WBGene00007894,2,1.0,PFNA,-0.564885322999654,0.489742647554119,False,down
WBGene00045272,2,0.9666666666666667,PFNA,-0.323818278608639,0.49324861736349,False,down
WBGene00013201,2,0.9333333333333333,PFNA,-0.168125076542848,0.494204551241502,False,down
WBGene00012543,2,1.0,PFNA,-0.0939579512269062,0.495131440200024,False,down
WBGene00018006,2,1.0,PFNA,-0.162543431078321,0.495131440200024,False,down
WBGene00018634,2,1.0,PFNA,-0.203064784262483,0.496287344552754,False,down
WBGene00017742,2,0.9,PFNA,-0.24108384183216,0.496287344552754,False,down
WBGene00022092,2,1.0,PFNA,-0.223920214716691,0.496567504698353,False,down
WBGene00011035,2,1.0,PFNA,-0.223619198924293,0.496956036457138,False,down
WBGene00001974,2,0.9,PFNA,-0.13734021170205,0.497521290897173,False,down
WBGene00000719,2,1.0,PFNA,0.376172177098539,0.498625703004305,False,up
WBGene00011707,2,1.0,PFNA,-0.205151975117217,0.498625703004305,False,down
WBGene00018215,2,0.8666666666666667,PFNA,-0.256454840800176,0.500217203400368,False,down
WBGene00023450,2,1.0,PFNA,-0.255777097849935,0.500877036637284,False,down
WBGene00011275,2,1.0,PFNA,-0.352421771721295,0.500877036637284,False,down
WBGene00007110,2,0.7,PFNA,-0.136624967658004,0.501319930947512,False,down
WBGene00007059,2,1.0,PFNA,-0.156666481067253,0.501319930947512,False,down
WBGene00016960,2,1.0,PFNA,-0.148023823851939,0.501596045401357,False,down
WBGene00016592,2,0.9333333333333333,PFNA,-0.214720359526012,0.50188156677743,False,down
WBGene00012032,2,0.9,PFNA,-1.03923944286379,0.503388481379443,False,down
WBGene00020281,2,0.9666666666666667,PFNA,-0.373231820122558,0.506317659225428,False,down
WBGene00008194,2,1.0,PFNA,0.146816290397916,0.506891795658772,False,up
WBGene00010924,2,1.0,PFNA,-0.337784903693024,0.506891795658772,False,down
WBGene00017608,2,0.9666666666666667,PFNA,-0.1261872905446,0.507744205263018,False,down
WBGene00006381,2,1.0,PFNA,-0.188004279895836,0.508647545333411,False,down
WBGene00007261,2,1.0,PFNA,0.125438787581085,0.508917475183417,False,up
WBGene00007089,2,1.0,PFNA,-0.109519432187747,0.508917475183417,False,down
WBGene00017240,2,0.9,PFNA,-0.151675984489979,0.508917475183417,False,down
WBGene00001585,2,1.0,PFNA,-0.189380392020999,0.513870931175154,False,down
WBGene00005007,2,1.0,PFNA,-0.134060956251308,0.514280512244711,False,down
WBGene00002138,2,0.8,PFNA,-0.165898780036797,0.514280512244711,False,down
WBGene00003957,2,0.7666666666666667,PFNA,-0.403534038828283,0.514939517389709,False,down
WBGene00018849,2,1.0,PFNA,-0.116793623615309,0.518076145880163,False,down
WBGene00018793,2,1.0,PFNA,-0.152022699509216,0.518076145880163,False,down
WBGene00002067,2,1.0,PFNA,0.191705726212444,0.518311549676022,False,up
WBGene00000198,2,1.0,PFNA,0.175468500589323,0.520594670793881,False,up
WBGene00004905,2,0.9666666666666667,PFNA,0.121697248325836,0.520594670793881,False,up
WBGene00019361,2,0.9666666666666667,PFNA,-0.159880989446277,0.520594670793881,False,down
WBGene00017344,2,0.9666666666666667,PFNA,0.189566828758624,0.520831042258455,False,up
WBGene00013768,2,1.0,PFNA,-0.170956502903769,0.520866592801111,False,down
WBGene00004721,2,0.5666666666666667,PFNA,-0.336169073289377,0.52679423290839,False,down
WBGene00003186,2,1.0,PFNA,0.123428587100856,0.527012780627485,False,up
WBGene00015189,2,0.9666666666666667,PFNA,-0.272189038520586,0.527012780627485,False,down
WBGene00022773,2,1.0,PFNA,-0.305650102327691,0.52777462949659,False,down
WBGene00003210,2,1.0,PFNA,-0.116473956935516,0.528722923830308,False,down
WBGene00012927,2,0.9333333333333333,PFNA,-0.216223878686982,0.528722923830308,False,down
WBGene00002139,2,0.8,PFNA,-0.145808817183202,0.530369777839635,False,down
WBGene00004332,2,0.9666666666666667,PFNA,-0.188979499845952,0.533607845668468,False,down
WBGene00009992,2,1.0,PFNA,-0.0976472970091194,0.537088361352123,False,down
WBGene00019767,2,1.0,PFNA,-0.120143680734465,0.537157661443628,False,down
WBGene00014209,2,1.0,PFNA,-0.165886101130523,0.539353931255461,False,down
WBGene00008386,2,1.0,PFNA,-0.109348296596698,0.540383108688733,False,down
WBGene00003422,2,1.0,PFNA,-0.225424178355453,0.540383108688733,False,down
WBGene00003015,2,1.0,PFNA,-0.238724794066948,0.540383108688733,False,down
WBGene00014141,2,0.9333333333333333,PFNA,0.186368948212192,0.545306826173388,False,up
WBGene00000772,2,0.9333333333333333,PFNA,-0.394103900327663,0.545306826173388,False,down
WBGene00004303,2,1.0,PFNA,-0.101114170431705,0.546675667909501,False,down
WBGene00004910,2,1.0,PFNA,-0.141636113534846,0.546675667909501,False,down
WBGene00020193,2,1.0,PFNA,-0.298798148084551,0.550682873112853,False,down
WBGene00016202,2,1.0,PFNA,-0.103183732550374,0.552763454467387,False,down
WBGene00022192,2,1.0,PFNA,-0.122084753119947,0.553271305076232,False,down
WBGene00004775,2,1.0,PFNA,-0.173132083690198,0.553271305076232,False,down
WBGene00004953,2,1.0,PFNA,-0.174074468474097,0.557853766599775,False,down
WBGene00019715,2,1.0,PFNA,0.113123745686674,0.560784325529611,False,up
WBGene00007136,2,0.9333333333333333,PFNA,-0.296925498247484,0.560784325529611,False,down
WBGene00002050,2,1.0,PFNA,-0.167026578328956,0.560879772793004,False,down
WBGene00018831,2,1.0,PFNA,-0.168734609397178,0.560879772793004,False,down
WBGene00017084,2,1.0,PFNA,-0.171389076286693,0.561203447557612,False,down
WBGene00013676,2,1.0,PFNA,-0.118904307222213,0.562014178016642,False,down
WBGene00013553,2,1.0,PFNA,-0.37508312922216,0.563422097316544,False,down
WBGene00006593,2,1.0,PFNA,0.0950839675852302,0.563608526389837,False,up
WBGene00015099,2,1.0,PFNA,-0.137138596862044,0.563608526389837,False,down
WBGene00017976,2,0.9666666666666667,PFNA,-0.222865210588537,0.564705497693291,False,down
WBGene00008583,2,1.0,PFNA,-0.323923012907034,0.568215160291601,False,down
WBGene00008118,2,1.0,PFNA,-0.228929329478436,0.571714787627219,False,down
WBGene00006351,2,0.9666666666666667,PFNA,0.200528167682257,0.571914322303072,False,up
WBGene00020146,2,0.9666666666666667,PFNA,-0.12857987115362,0.57519150633646,False,down
WBGene00009710,2,1.0,PFNA,-0.439676635686725,0.575508536393966,False,down
WBGene00021973,2,1.0,PFNA,-0.109465738520859,0.577036563573388,False,down
WBGene00001867,2,0.9666666666666667,PFNA,-0.190426490194633,0.577036563573388,False,down
WBGene00019655,2,1.0,PFNA,-0.411931566395138,0.577036563573388,False,down
WBGene00018544,2,0.9,PFNA,-0.581888474124309,0.577448616497577,False,down
WBGene00001185,2,1.0,PFNA,0.285623256033874,0.578249296877031,False,up
WBGene00010229,2,0.9666666666666667,PFNA,-0.203001417669154,0.578249296877031,False,down
WBGene00008511,2,0.9666666666666667,PFNA,-0.589023293773217,0.578249296877031,False,down
WBGene00011833,2,1.0,PFNA,-0.260694470453586,0.578693879855592,False,down
WBGene00007137,2,0.8333333333333334,PFNA,-0.120244819918491,0.58240354665692,False,down
WBGene00011648,2,1.0,PFNA,-0.132733192991689,0.58240354665692,False,down
WBGene00006671,2,1.0,PFNA,0.137726359068227,0.582777482240172,False,up
WBGene00015332,2,1.0,PFNA,-0.435080280681533,0.585095640212602,False,down
WBGene00007027,2,0.9333333333333333,PFNA,0.0889861411751837,0.585718401061259,False,up
WBGene00020246,2,0.9666666666666667,PFNA,-0.0836320906635785,0.585718401061259,False,down
WBGene00022357,2,1.0,PFNA,-0.339337893015713,0.58785308279023,False,down
WBGene00000633,2,0.9333333333333333,PFNA,-0.568885642239525,0.589933834355405,False,down
WBGene00000935,2,0.9666666666666667,PFNA,-0.334824209354359,0.590496434755585,False,down
WBGene00006946,2,1.0,PFNA,0.170995672143346,0.59072726480645,False,up
WBGene00020375,2,1.0,PFNA,-0.172345296382327,0.59072726480645,False,down
WBGene00019074,2,0.9333333333333333,PFNA,-0.110507269399671,0.594325238254702,False,down
WBGene00013725,2,0.9666666666666667,PFNA,-0.18890596692124,0.594325238254702,False,down
WBGene00008457,2,1.0,PFNA,-0.224321599865425,0.594325238254702,False,down
WBGene00004430,2,1.0,PFNA,0.115821729660568,0.5951101015043,False,up
WBGene00018812,2,0.9666666666666667,PFNA,0.0889386595622137,0.5951101015043,False,up
WBGene00015347,2,1.0,PFNA,-0.131857492985997,0.5951101015043,False,down
WBGene00006571,2,0.9666666666666667,PFNA,-0.236075691579122,0.5951101015043,False,down
WBGene00009951,2,0.9666666666666667,PFNA,-0.334370670783626,0.5951101015043,False,down
WBGene00011040,2,1.0,PFNA,0.163599433537392,0.595241636428586,False,up
WBGene00017795,2,0.6333333333333333,PFNA,-0.121109438514795,0.596372554998466,False,down
WBGene00018088,2,1.0,PFNA,-0.16130749075953,0.597274496658516,False,down
WBGene00015196,2,1.0,PFNA,-0.476171730575852,0.598660552012623,False,down
WBGene00012698,2,0.9333333333333333,PFNA,-0.43030521978068,0.602773555178922,False,down
WBGene00015203,2,1.0,PFNA,-0.0974203233792788,0.605507212059642,False,down
WBGene00007449,2,1.0,PFNA,-0.568253870912045,0.605507212059642,False,down
WBGene00011083,2,1.0,PFNA,-0.227321274350212,0.605697342933083,False,down
WBGene00015297,2,0.8666666666666667,PFNA,-0.131775136201115,0.607632398962436,False,down
WBGene00013874,2,1.0,PFNA,-0.160937776266585,0.607632398962436,False,down
WBGene00007255,2,0.9666666666666667,PFNA,-0.210322542500182,0.607632398962436,False,down
WBGene00021024,2,1.0,PFNA,-0.126330591748987,0.608011939190588,False,down
WBGene00021661,2,1.0,PFNA,-0.300389298520042,0.608272043824534,False,down
WBGene00000176,2,0.9333333333333333,PFNA,0.272418093854524,0.608475053432191,False,up
WBGene00003523,2,0.9666666666666667,PFNA,-0.600785022140208,0.609600732697765,False,down
WBGene00015022,2,1.0,PFNA,-0.175731657604254,0.610160685561228,False,down
WBGene00006440,2,1.0,PFNA,-0.287910364825442,0.611080766118887,False,down
WBGene00012206,2,0.9666666666666667,PFNA,-0.120835920108694,0.611906083465371,False,down
WBGene00012758,2,0.6,PFNA,-0.172254513919514,0.611944097068176,False,down
WBGene00008097,2,1.0,PFNA,-0.229243412432838,0.613526562767455,False,down
WBGene00001860,2,1.0,PFNA,-0.0933749498227752,0.616141438726049,False,down
WBGene00009059,2,1.0,PFNA,-0.182079344914688,0.621160845736925,False,down
WBGene00002125,2,1.0,PFNA,-0.197257184876992,0.623180158621557,False,down
WBGene00007692,2,1.0,PFNA,-0.205265449484781,0.623180158621557,False,down
WBGene00019493,2,1.0,PFNA,0.113486030271717,0.624695819818406,False,up
WBGene00004891,2,1.0,PFNA,-0.11179436695504,0.624756583322517,False,down
WBGene00011891,2,0.9666666666666667,PFNA,-0.146159248206189,0.624756583322517,False,down
WBGene00000936,2,1.0,PFNA,0.117152064147227,0.625590432689273,False,up
WBGene00022836,2,1.0,PFNA,-0.115446770543687,0.625590432689273,False,down
WBGene00014138,2,0.9666666666666667,PFNA,0.196121847747376,0.625649097503211,False,up
WBGene00000817,2,0.9333333333333333,PFNA,-0.118249828829605,0.625649097503211,False,down
WBGene00009987,2,1.0,PFNA,-0.120728451653364,0.625649097503211,False,down
WBGene00017487,2,0.9666666666666667,PFNA,-0.18134395851342,0.626424943797184,False,down
WBGene00012201,2,0.9666666666666667,PFNA,0.322813655318365,0.626482226665564,False,up
WBGene00020957,2,1.0,PFNA,0.116452971098147,0.626482226665564,False,up
WBGene00022089,2,1.0,PFNA,-0.0672902620872363,0.626482226665564,False,down
WBGene00022776,2,1.0,PFNA,-0.12381927664541,0.626482226665564,False,down
WBGene00007606,2,0.8,PFNA,-0.128968503926611,0.626482226665564,False,down
WBGene00011353,2,1.0,PFNA,-0.135493185486351,0.626482226665564,False,down
WBGene00015684,2,1.0,PFNA,-0.158901889825279,0.626482226665564,False,down
WBGene00010397,2,1.0,PFNA,-0.161875528779749,0.626482226665564,False,down
WBGene00018964,2,1.0,PFNA,-0.209099491460899,0.626482226665564,False,down
WBGene00018908,2,1.0,PFNA,-0.248630915615773,0.626482226665564,False,down
WBGene00016387,2,1.0,PFNA,-0.318424402864906,0.626482226665564,False,down
WBGene00020977,2,0.9666666666666667,PFNA,-0.521461643427666,0.626482226665564,False,down
WBGene00002269,2,1.0,PFNA,-0.169047883190331,0.629025971540239,False,down
WBGene00000227,2,1.0,PFNA,0.0910994571334328,0.634733753243286,False,up
WBGene00019941,2,0.6666666666666666,PFNA,-0.0872150771983595,0.634733753243286,False,down
WBGene00006802,2,0.9666666666666667,PFNA,0.115322652490871,0.637323742169185,False,up
WBGene00020399,2,0.9,PFNA,-0.157930426432304,0.637323742169185,False,down
WBGene00004339,2,1.0,PFNA,-0.204289570746719,0.637323742169185,False,down
WBGene00004389,2,1.0,PFNA,-0.0925214516226584,0.637479587484722,False,down
WBGene00012241,2,1.0,PFNA,-0.158936216750263,0.637479587484722,False,down
WBGene00000886,2,1.0,PFNA,-0.22749961554364,0.637559882415874,False,down
WBGene00008379,2,0.9,PFNA,-0.19236654571014,0.639107995719089,False,down
WBGene00014186,2,0.9333333333333333,PFNA,0.311155372353294,0.640353686915063,False,up
WBGene00011687,2,1.0,PFNA,-0.111301438194363,0.640353686915063,False,down
WBGene00001580,2,1.0,PFNA,0.101686864086381,0.640885007813835,False,up
WBGene00010070,2,1.0,PFNA,-0.142684632688723,0.640885007813835,False,down
WBGene00008418,2,1.0,PFNA,-0.183650838676653,0.643281917347611,False,down
WBGene00004802,2,0.9333333333333333,PFNA,-0.34978283343286,0.643612630324054,False,down
WBGene00000720,2,0.9666666666666667,PFNA,0.296953673431072,0.645138818179968,False,up
WBGene00000548,2,1.0,PFNA,0.075079304708225,0.645138818179968,False,up
WBGene00000203,2,1.0,PFNA,-0.102993796884773,0.645138818179968,False,down
WBGene00016123,2,1.0,PFNA,-0.225119994010534,0.645138818179968,False,down
WBGene00001855,2,1.0,PFNA,-0.171768252808468,0.648013014371393,False,down
WBGene00022193,2,1.0,PFNA,-0.110710044710113,0.649626289522046,False,down
WBGene00020557,2,1.0,PFNA,-0.167420138371407,0.649626289522046,False,down
WBGene00007214,2,0.7,PFNA,-0.208124943917361,0.649626289522046,False,down
WBGene00008560,2,1.0,PFNA,-0.558740311454547,0.653315520659195,False,down
WBGene00020579,2,1.0,PFNA,0.171179783733832,0.653422316989201,False,up
WBGene00017482,2,0.9666666666666667,PFNA,-0.104235161136332,0.654757531619876,False,down
WBGene00017891,2,1.0,PFNA,0.0881431494165384,0.655549945329038,False,up
WBGene00015116,2,1.0,PFNA,-0.213067212644638,0.655549945329038,False,down
WBGene00015025,2,1.0,PFNA,0.0917797063707347,0.657369007536332,False,up
WBGene00302991,2,0.9333333333333333,PFNA,-0.411769918277257,0.657390898098635,False,down
WBGene00020480,2,1.0,PFNA,-0.202903239954361,0.657780969443175,False,down
WBGene00020484,2,0.9,PFNA,-0.753518599950118,0.657924009397982,False,down
WBGene00000865,2,0.9666666666666667,PFNA,-0.358636206754681,0.658749274256525,False,down
WBGene00021467,2,0.9666666666666667,PFNA,-0.120963585328555,0.659734997177788,False,down
WBGene00021367,2,1.0,PFNA,0.150752785208051,0.660936743097688,False,up
WBGene00004859,2,1.0,PFNA,0.148599117177721,0.660936743097688,False,up
WBGene00001243,2,1.0,PFNA,0.122834357973154,0.660936743097688,False,up
WBGene00001813,2,1.0,PFNA,0.098597017213556,0.660936743097688,False,up
WBGene00011071,2,1.0,PFNA,0.0863503712363959,0.660936743097688,False,up
WBGene00004047,2,1.0,PFNA,0.0822079832818716,0.660936743097688,False,up
WBGene00001520,2,1.0,PFNA,-0.0759947729747259,0.660936743097688,False,down
WBGene00010699,2,1.0,PFNA,-0.182137638842756,0.660936743097688,False,down
WBGene00012976,2,1.0,PFNA,-0.211590359405311,0.660936743097688,False,down
WBGene00003903,2,1.0,PFNA,0.0811195075817523,0.661028321975922,False,up
WBGene00008957,2,1.0,PFNA,-0.18290313115104,0.662802410459192,False,down
WBGene00019822,2,0.8333333333333334,PFNA,-0.0946557084909834,0.663068119321433,False,down
WBGene00016273,2,1.0,PFNA,-0.527460130060661,0.666233690549717,False,down
WBGene00019157,2,1.0,PFNA,0.112929678593463,0.667371776015218,False,up
WBGene00002088,2,0.7333333333333333,PFNA,0.228673772401807,0.667627807942456,False,up
WBGene00022865,2,1.0,PFNA,-0.150924894203688,0.67052690339395,False,down
WBGene00010626,2,0.9333333333333333,PFNA,-0.099245635699873,0.670789680642458,False,down
WBGene00011335,2,1.0,PFNA,0.217640563399737,0.671100296714316,False,up
WBGene00008101,2,1.0,PFNA,0.151737323103565,0.671100296714316,False,up
WBGene00012529,2,1.0,PFNA,0.126488365330447,0.671100296714316,False,up
WBGene00007500,2,1.0,PFNA,-0.163465270255044,0.671100296714316,False,down
WBGene00016192,2,1.0,PFNA,-0.179282796125386,0.671100296714316,False,down
WBGene00016623,2,0.7,PFNA,-0.180312873089454,0.671100296714316,False,down
WBGene00010678,2,0.9666666666666667,PFNA,-0.278800736810298,0.672204168779609,False,down
WBGene00007428,2,1.0,PFNA,0.0728760806139098,0.673143314674039,False,up
WBGene00000122,2,0.6333333333333333,PFNA,-0.0737041161730752,0.673143314674039,False,down
WBGene00008084,2,0.5333333333333333,PFNA,-0.346816957977471,0.673143314674039,False,down
WBGene00007109,2,1.0,PFNA,0.196439585526307,0.673495794281525,False,up
WBGene00043057,2,1.0,PFNA,0.134583746608438,0.675029955499451,False,up
WBGene00007766,2,1.0,PFNA,-0.267574675026908,0.675821966532363,False,down
WBGene00003242,2,0.9,PFNA,-0.104165650823876,0.676088845230101,False,down
WBGene00007683,2,0.9,PFNA,-0.109131177224659,0.676088845230101,False,down
WBGene00019273,2,1.0,PFNA,0.250411922531698,0.677404499151165,False,up
WBGene00003407,2,1.0,PFNA,0.0827352535600286,0.677404499151165,False,up
WBGene00019940,2,1.0,PFNA,-0.0922131768345401,0.677404499151165,False,down
WBGene00016154,2,0.9666666666666667,PFNA,-0.109925302062243,0.677404499151165,False,down
WBGene00023491,2,0.9666666666666667,PFNA,-0.130024378766733,0.677404499151165,False,down
WBGene00013441,2,1.0,PFNA,0.0962390899924881,0.678128995367396,False,up
WBGene00044204,2,0.9,PFNA,-0.212274139061409,0.678128995367396,False,down
WBGene00013727,2,0.9333333333333333,PFNA,-0.372141267882236,0.678128995367396,False,down
WBGene00008344,2,1.0,PFNA,-0.0866671402714124,0.6781619580122,False,down
WBGene00003777,2,1.0,PFNA,-0.0805634766119955,0.679162024331373,False,down
WBGene00011110,2,1.0,PFNA,-0.0846758207461806,0.679251462813752,False,down
WBGene00023477,2,1.0,PFNA,0.380924067806168,0.679408768586695,False,up
WBGene00011890,2,1.0,PFNA,-0.118324595516295,0.679408768586695,False,down
WBGene00013270,2,1.0,PFNA,0.129214861293607,0.679521319089907,False,up
WBGene00004510,2,1.0,PFNA,0.105983474183743,0.679521319089907,False,up
WBGene00016188,2,0.8333333333333334,PFNA,-0.118672939560144,0.679521319089907,False,down
WBGene00011559,2,0.9666666666666667,PFNA,-0.170201304448224,0.679521319089907,False,down
WBGene00044326,2,1.0,PFNA,-0.10733111497825,0.679660386665511,False,down
WBGene00008147,2,0.9666666666666667,PFNA,0.15452633077978,0.679704138314343,False,up
WBGene00022348,2,1.0,PFNA,0.107610838689843,0.679704138314343,False,up
WBGene00016989,2,1.0,PFNA,0.105638446051814,0.679704138314343,False,up
WBGene00009082,2,1.0,PFNA,-0.0856154721973388,0.679704138314343,False,down
WBGene00020779,2,0.9,PFNA,-0.0900933653290963,0.679704138314343,False,down
WBGene00022053,2,1.0,PFNA,-0.0950852288115352,0.679704138314343,False,down
WBGene00022434,2,0.9333333333333333,PFNA,-0.145964631056876,0.679704138314343,False,down
WBGene00004705,2,1.0,PFNA,-0.155995134677326,0.679704138314343,False,down
WBGene00008173,2,0.9333333333333333,PFNA,-0.246241151572429,0.679704138314343,False,down
WBGene00000520,2,0.9,PFNA,-0.0980094284064585,0.68160512180723,False,down
WBGene00011490,2,1.0,PFNA,-0.148685663022016,0.68160512180723,False,down
WBGene00007234,2,0.9333333333333333,PFNA,-0.127218071770724,0.682089517464137,False,down
WBGene00006771,2,1.0,PFNA,0.0779896459270816,0.684811245697534,False,up
WBGene00013406,2,1.0,PFNA,-0.174506220609582,0.684811245697534,False,down
WBGene00009507,2,1.0,PFNA,-0.104147075196144,0.686597912636299,False,down
WBGene00019486,2,1.0,PFNA,-0.455109338973091,0.687244701763147,False,down
WBGene00044072,2,0.9666666666666667,PFNA,-0.112741017814452,0.687715672598493,False,down
WBGene00009556,2,1.0,PFNA,-0.164262499312706,0.687715672598493,False,down
WBGene00002205,2,1.0,PFNA,0.240097956746945,0.690012994402159,False,up
WBGene00013679,2,1.0,PFNA,-0.108389115036047,0.690012994402159,False,down
WBGene00011529,2,0.9333333333333333,PFNA,-0.0908002048408797,0.690577328660617,False,down
WBGene00019368,2,1.0,PFNA,-0.4827587065908,0.690577328660617,False,down
WBGene00017962,2,1.0,PFNA,0.474238338090235,0.692290120961375,False,up
WBGene00000292,2,0.9,PFNA,-0.0739589670247954,0.692290120961375,False,down
WBGene00001208,2,0.6,PFNA,-0.080872878457386,0.692290120961375,False,down
WBGene00022166,2,1.0,PFNA,-0.0915295246360375,0.692290120961375,False,down
WBGene00001584,2,1.0,PFNA,-0.11209803285072,0.692290120961375,False,down
WBGene00011068,2,1.0,PFNA,-0.114305474277895,0.692290120961375,False,down
WBGene00206487,2,0.9666666666666667,PFNA,-0.125324977897207,0.692290120961375,False,down
WBGene00015011,2,1.0,PFNA,-0.135899859964723,0.692290120961375,False,down
WBGene00018779,2,1.0,PFNA,-0.154411418997813,0.692290120961375,False,down
WBGene00008442,2,0.9666666666666667,PFNA,-0.167731573250066,0.692290120961375,False,down
WBGene00011979,2,0.9666666666666667,PFNA,-1.13033397296728,0.692290120961375,False,down
WBGene00016442,2,1.0,PFNA,-0.149742431724725,0.692634611846085,False,down
WBGene00004900,2,0.9333333333333333,PFNA,0.0941315214149976,0.693723673766758,False,up
WBGene00004016,2,1.0,PFNA,-0.113977476683362,0.693723673766758,False,down
WBGene00005020,2,1.0,PFNA,-0.14132260822667,0.693723673766758,False,down
WBGene00013259,2,0.9333333333333333,PFNA,-0.124055215622663,0.694378609695047,False,down
WBGene00007185,2,1.0,PFNA,-0.129886638104963,0.694378609695047,False,down
WBGene00012651,2,0.6,PFNA,-0.146737844767158,0.694378609695047,False,down
WBGene00016676,2,1.0,PFNA,0.101521900511049,0.694663757351143,False,up
WBGene00001975,2,1.0,PFNA,-0.104148266980322,0.695287776534169,False,down
WBGene00007144,2,0.9666666666666667,PFNA,-0.114575517556372,0.695287776534169,False,down
WBGene00021295,2,1.0,PFNA,-0.152070593985232,0.695287776534169,False,down
WBGene00018071,2,1.0,PFNA,-0.156687861475662,0.695287776534169,False,down
WBGene00007233,2,0.9666666666666667,PFNA,-0.183197221054111,0.695287776534169,False,down
WBGene00015313,2,0.9666666666666667,PFNA,-0.185391714344751,0.695287776534169,False,down
WBGene00019972,2,0.9,PFNA,-0.40844515766085,0.695287776534169,False,down
WBGene00021286,2,1.0,PFNA,0.102756406070995,0.69640742300082,False,up
WBGene00010993,2,1.0,PFNA,-0.071896890769299,0.69655410476367,False,down
WBGene00019957,2,1.0,PFNA,-0.128434612650679,0.698770187608369,False,down
WBGene00022580,2,0.9333333333333333,PFNA,-0.0789777870903126,0.701884755382363,False,down
WBGene00001909,2,1.0,PFNA,-0.0824249551502687,0.701884755382363,False,down
WBGene00006524,2,0.9333333333333333,PFNA,-0.0997988485315865,0.701884755382363,False,down
WBGene00004400,2,0.9666666666666667,PFNA,-0.136268310222105,0.701884755382363,False,down
WBGene00013669,2,1.0,PFNA,-0.14756518320861,0.701884755382363,False,down
WBGene00001214,2,1.0,PFNA,-0.159577732528143,0.701884755382363,False,down
WBGene00000647,2,0.9,PFNA,-0.192407438170993,0.701884755382363,False,down
WBGene00013507,2,0.9666666666666667,PFNA,-0.272664186908427,0.701884755382363,False,down
WBGene00004397,2,0.5333333333333333,PFNA,-0.916134561564061,0.701884755382363,False,down
WBGene00022246,2,1.0,PFNA,-0.190428012116197,0.703659287397593,False,down
WBGene00015965,2,0.7333333333333333,PFNA,-0.17011895951026,0.70505301566545,False,down
WBGene00020320,2,0.9333333333333333,PFNA,-0.103607912466584,0.706972877788775,False,down
WBGene00010501,2,1.0,PFNA,-0.325332185668764,0.706972877788775,False,down
WBGene00013147,2,0.5333333333333333,PFNA,-0.356982107375352,0.706972877788775,False,down
WBGene00011016,2,1.0,PFNA,-0.0794150832484113,0.70738945149572,False,down
WBGene00008964,2,0.9666666666666667,PFNA,-0.61334628412317,0.709024016225776,False,down
WBGene00021132,2,1.0,PFNA,-0.131897624947107,0.709068894990078,False,down
WBGene00001595,2,0.9666666666666667,PFNA,-0.24254211012967,0.709068894990078,False,down
WBGene00020006,2,1.0,PFNA,-0.111423261546564,0.710289665566367,False,down
WBGene00021355,2,0.9333333333333333,PFNA,-0.08530148385023,0.710577777451254,False,down
WBGene00009456,2,1.0,PFNA,-0.0778001768845288,0.711176073672801,False,down
WBGene00010676,2,1.0,PFNA,-0.0786380015954045,0.711176073672801,False,down
WBGene00001263,2,0.9333333333333333,PFNA,-0.128008591220634,0.711176073672801,False,down
WBGene00003958,2,1.0,PFNA,-0.205790969853538,0.711176073672801,False,down
WBGene00022236,2,1.0,PFNA,-0.363548564596035,0.711176073672801,False,down
WBGene00007113,2,1.0,PFNA,0.143079963614937,0.711735953666372,False,up
WBGene00022800,2,1.0,PFNA,0.0845879241022712,0.711735953666372,False,up
WBGene00045275,2,0.9666666666666667,PFNA,0.675761641639589,0.713333170733287,False,up
WBGene00011722,2,1.0,PFNA,-0.0960276132267629,0.713516044257517,False,down
WBGene00017900,2,0.9,PFNA,0.0918077071096542,0.714230190980411,False,up
WBGene00021800,2,0.6666666666666666,PFNA,-0.0640040095905067,0.714230190980411,False,down
WBGene00009372,2,1.0,PFNA,-0.145489123055955,0.714230190980411,False,down
WBGene00000881,2,0.6,PFNA,-0.135571396512926,0.714508836486093,False,down
WBGene00010263,2,1.0,PFNA,-0.218452772613891,0.714508836486093,False,down
WBGene00008882,2,1.0,PFNA,-0.0846922123033902,0.715037555715784,False,down
WBGene00045305,2,1.0,PFNA,0.43189665507309,0.71590348569398,False,up
WBGene00045403,2,1.0,PFNA,-0.211014465513696,0.71590348569398,False,down
WBGene00018718,2,1.0,PFNA,0.121833900104591,0.716154372955597,False,up
WBGene00019832,2,1.0,PFNA,-0.128117682146617,0.716403778138206,False,down
WBGene00011029,2,1.0,PFNA,-0.0894318784280363,0.717334216693331,False,down
WBGene00017194,2,1.0,PFNA,-0.267482195436229,0.718371795862525,False,down
WBGene00022351,2,1.0,PFNA,0.133681204393673,0.718848684254569,False,up
WBGene00009090,2,0.9666666666666667,PFNA,0.505762946259481,0.720344753814248,False,up
WBGene00001470,2,1.0,PFNA,0.105484951154721,0.720344753814248,False,up
WBGene00001365,2,0.9666666666666667,PFNA,-0.107243224804557,0.721053472665367,False,down
WBGene00022682,2,0.9666666666666667,PFNA,-0.148663666343272,0.721053472665367,False,down
WBGene00018138,2,1.0,PFNA,0.386596490369724,0.721163372977171,False,up
WBGene00017711,2,1.0,PFNA,0.170900396856038,0.721163372977171,False,up
WBGene00003019,2,1.0,PFNA,0.0903956914812347,0.721163372977171,False,up
WBGene00022276,2,0.8666666666666667,PFNA,0.0842675482911563,0.721266969091826,False,up
WBGene00000079,2,0.8666666666666667,PFNA,-0.100693940057981,0.721463838783868,False,down
WBGene00002128,2,0.9666666666666667,PFNA,-0.144634246779372,0.721463838783868,False,down
WBGene00017286,2,1.0,PFNA,0.0995861256183668,0.722465179621603,False,up
WBGene00022675,2,1.0,PFNA,0.0924886373625611,0.722465179621603,False,up
WBGene00018703,2,1.0,PFNA,-0.0729579505059124,0.722465179621603,False,down
WBGene00001874,2,1.0,PFNA,-0.073165693367602,0.722465179621603,False,down
WBGene00012167,2,1.0,PFNA,-0.134637327208243,0.722465179621603,False,down
WBGene00017831,2,1.0,PFNA,-0.139217164494473,0.722465179621603,False,down
WBGene00007687,2,1.0,PFNA,-0.19055365599284,0.722465179621603,False,down
WBGene00006589,2,1.0,PFNA,-0.19221919062255,0.722465179621603,False,down
WBGene00206418,2,1.0,PFNA,-0.206277357456205,0.722465179621603,False,down
WBGene00020911,2,0.9666666666666667,PFNA,-0.259700143737114,0.722465179621603,False,down
WBGene00012271,2,1.0,PFNA,-0.421201830272879,0.722465179621603,False,down
WBGene00000858,2,0.9333333333333333,PFNA,0.104682573067257,0.722915225124165,False,up
WBGene00017362,2,1.0,PFNA,-0.112830251861538,0.722915225124165,False,down
WBGene00009159,2,1.0,PFNA,-0.103972388117472,0.723378310843614,False,down
WBGene00021676,2,0.9666666666666667,PFNA,-0.156237628657442,0.723844200190896,False,down
WBGene00009977,2,1.0,PFNA,-0.0963214054399444,0.725055579567618,False,down
WBGene00021444,2,1.0,PFNA,0.0782552455701173,0.725149108873687,False,up
WBGene00015487,2,1.0,PFNA,-0.128273476188577,0.725718719184389,False,down
WBGene00007557,2,0.9333333333333333,PFNA,-0.12959152271292,0.725718719184389,False,down
WBGene00010851,2,1.0,PFNA,-0.136847549496318,0.725718719184389,False,down
WBGene00010403,2,1.0,PFNA,-0.467971766446601,0.725718719184389,False,down
WBGene00015206,2,1.0,PFNA,0.0884091932032533,0.726377810631295,False,up
WBGene00002010,2,1.0,PFNA,0.0922262679991619,0.727126185543726,False,up
WBGene00015173,2,1.0,PFNA,0.0683595366251007,0.727126185543726,False,up
WBGene00000967,2,1.0,PFNA,-0.132357307542227,0.730698930526517,False,down
WBGene00009515,2,1.0,PFNA,-0.227143102012544,0.730698930526517,False,down
WBGene00044784,2,1.0,PFNA,0.131846660715505,0.734065965220685,False,up
WBGene00009793,2,1.0,PFNA,0.092535815942601,0.734065965220685,False,up
WBGene00001112,2,1.0,PFNA,0.0795550537469228,0.734065965220685,False,up
WBGene00011051,2,1.0,PFNA,-0.0861175023696168,0.734065965220685,False,down
WBGene00016836,2,1.0,PFNA,-0.0932024207940067,0.734065965220685,False,down
WBGene00017929,2,0.9666666666666667,PFNA,-0.0957003233649678,0.734065965220685,False,down
WBGene00010629,2,1.0,PFNA,-0.116001067580265,0.734065965220685,False,down
WBGene00012675,2,1.0,PFNA,-0.157578934251971,0.734065965220685,False,down
WBGene00021269,2,0.9333333333333333,PFNA,-0.162805125155673,0.734065965220685,False,down
WBGene00012253,2,1.0,PFNA,-0.212859553783326,0.734065965220685,False,down
WBGene00017761,2,1.0,PFNA,-0.278015764984204,0.734065965220685,False,down
WBGene00012354,2,1.0,PFNA,-0.0595146904254113,0.7341891307022,False,down
WBGene00010013,2,1.0,PFNA,0.0852474623773048,0.734192388172831,False,up
WBGene00002032,2,1.0,PFNA,-0.228813433580351,0.736950778674157,False,down
WBGene00011367,2,0.9666666666666667,PFNA,-0.141764969062242,0.73735077626136,False,down
WBGene00016124,2,1.0,PFNA,-0.104419821402542,0.737492109244015,False,down
WBGene00011864,2,1.0,PFNA,-0.0782804066238449,0.737511100892351,False,down
WBGene00021852,2,1.0,PFNA,-0.0837144460416424,0.737732161938636,False,down
WBGene00012807,2,0.9,PFNA,-0.136324622338829,0.738248911651066,False,down
WBGene00019554,2,1.0,PFNA,0.103703566209423,0.739024066414881,False,up
WBGene00015507,2,0.9666666666666667,PFNA,-0.109979357422152,0.739024066414881,False,down
WBGene00008042,2,1.0,PFNA,-0.252545656313094,0.739024066414881,False,down
WBGene00007549,2,1.0,PFNA,0.17795843403179,0.739342499011562,False,up
WBGene00004496,2,1.0,PFNA,0.0956930105249078,0.739420385649108,False,up
WBGene00016171,2,0.9666666666666667,PFNA,-0.106434973822191,0.740606175263089,False,down
WBGene00010878,2,1.0,PFNA,0.141304884099451,0.740798215536558,False,up
WBGene00015949,2,1.0,PFNA,0.137493620428544,0.740798215536558,False,up
WBGene00011887,2,1.0,PFNA,-0.0851104076612333,0.740798215536558,False,down
WBGene00044431,2,1.0,PFNA,-0.157950311606605,0.74083695209221,False,down
WBGene00013094,2,0.9666666666666667,PFNA,-0.0719850918108188,0.741230791585875,False,down
WBGene00007561,2,1.0,PFNA,-0.096404605827481,0.741230791585875,False,down
WBGene00008132,2,1.0,PFNA,-0.200236205510478,0.741230791585875,False,down
WBGene00020588,2,1.0,PFNA,-0.278779472738429,0.741230791585875,False,down
WBGene00019328,2,1.0,PFNA,-0.119339322458167,0.741490771362682,False,down
WBGene00018785,2,1.0,PFNA,0.115426661569018,0.741600260309145,False,up
WBGene00010279,2,0.9666666666666667,PFNA,-0.0780086658707855,0.741600260309145,False,down
WBGene00011576,2,1.0,PFNA,-0.189972991120808,0.741600260309145,False,down
WBGene00017313,2,1.0,PFNA,-0.0857143506933102,0.743734499695014,False,down
WBGene00016400,2,1.0,PFNA,-0.098290804285423,0.743734499695014,False,down
WBGene00003917,2,0.9666666666666667,PFNA,-0.125630002328529,0.743734499695014,False,down
WBGene00003164,2,1.0,PFNA,-0.111497166588382,0.74405214270561,False,down
WBGene00017037,2,1.0,PFNA,0.0767213473018654,0.744684394016864,False,up
WBGene00019101,2,1.0,PFNA,0.205893699132858,0.744927915937923,False,up
WBGene00018157,2,0.9666666666666667,PFNA,-0.273883705270388,0.745417137980491,False,down
WBGene00006709,2,1.0,PFNA,0.10408996836987,0.746206129003467,False,up
WBGene00020837,2,1.0,PFNA,-0.0954149303242432,0.746206129003467,False,down
WBGene00006714,2,0.9666666666666667,PFNA,-0.124991012925706,0.746206129003467,False,down
WBGene00017934,2,1.0,PFNA,0.189350750845652,0.746244376837514,False,up
WBGene00008622,2,0.8666666666666667,PFNA,0.0712735266629975,0.746244376837514,False,up
WBGene00009103,2,1.0,PFNA,-0.0684761813652265,0.746244376837514,False,down
WBGene00019838,2,1.0,PFNA,-0.133437356517652,0.746244376837514,False,down
WBGene00010027,2,1.0,PFNA,-0.348871599095146,0.746244376837514,False,down
WBGene00007385,2,1.0,PFNA,-0.0750795640602231,0.746417730947288,False,down
WBGene00000187,2,1.0,PFNA,-0.0939631522264223,0.746417730947288,False,down
WBGene00012478,2,0.9333333333333333,PFNA,-0.101264399355256,0.746482503833309,False,down
WBGene00012858,2,1.0,PFNA,-0.138501669197877,0.746485282337404,False,down
WBGene00012276,2,1.0,PFNA,-0.211628726616799,0.747095773840825,False,down
WBGene00010879,2,0.9333333333333333,PFNA,0.150052008268859,0.747186476010223,False,up
WBGene00011828,2,1.0,PFNA,-0.0824965368183952,0.747218039803622,False,down
WBGene00022703,2,1.0,PFNA,-0.0893376235502255,0.747218039803622,False,down
WBGene00012452,2,0.8,PFNA,-0.10535501577192,0.747218039803622,False,down
WBGene00013857,2,1.0,PFNA,-0.186366527599712,0.747218039803622,False,down
WBGene00011300,2,0.9666666666666667,PFNA,0.193746944654484,0.747302320853646,False,up
WBGene00021914,2,1.0,PFNA,0.0980642546491746,0.747302320853646,False,up
WBGene00018408,2,1.0,PFNA,-0.0994358162650955,0.747302320853646,False,down
WBGene00012522,2,1.0,PFNA,-0.1118560107828,0.747302320853646,False,down
WBGene00050937,2,0.9666666666666667,PFNA,-0.145809522540312,0.747302320853646,False,down
WBGene00022043,2,0.9666666666666667,PFNA,-0.261748026610228,0.747302320853646,False,down
WBGene00235102,2,1.0,PFNA,-0.103209636751568,0.747526226753378,False,down
WBGene00003090,2,1.0,PFNA,-0.136110690965085,0.747526226753378,False,down
WBGene00020256,2,1.0,PFNA,-0.18486826585077,0.747526226753378,False,down
WBGene00009443,2,1.0,PFNA,-0.233978755224266,0.747526226753378,False,down
WBGene00011884,2,0.8666666666666667,PFNA,-0.0913310363475471,0.747682250201327,False,down
WBGene00003417,2,1.0,PFNA,-0.142375396506511,0.747682250201327,False,down
WBGene00001558,2,1.0,PFNA,-0.0807657386373271,0.748249710081366,False,down
WBGene00009287,2,1.0,PFNA,-0.276450163712031,0.748249710081366,False,down
WBGene00019572,2,0.9666666666666667,PFNA,0.12122799102456,0.749197549077929,False,up
WBGene00044483,2,0.9666666666666667,PFNA,-0.142925355434581,0.749197549077929,False,down
WBGene00002257,2,1.0,PFNA,0.128072680899301,0.749546298036061,False,up
WBGene00004361,2,0.7666666666666667,PFNA,0.106271386277329,0.749988822214471,False,up
WBGene00018383,2,0.9666666666666667,PFNA,-0.240039465550202,0.749988822214471,False,down
WBGene00017131,2,1.0,PFNA,0.215409132013582,0.750656831000329,False,up
WBGene00018939,2,0.9333333333333333,PFNA,0.180226492793282,0.751338124745795,False,up
WBGene00016655,2,1.0,PFNA,0.134374593646589,0.751338124745795,False,up
WBGene00003053,2,0.9333333333333333,PFNA,-0.0612914364060667,0.751338124745795,False,down
WBGene00045383,2,1.0,PFNA,-0.0718785874413722,0.751338124745795,False,down
WBGene00000768,2,1.0,PFNA,-0.0854420414058277,0.751338124745795,False,down
WBGene00006804,2,1.0,PFNA,-0.112200090630808,0.751338124745795,False,down
WBGene00015769,2,1.0,PFNA,-0.146324559857181,0.751338124745795,False,down
WBGene00000417,2,1.0,PFNA,-0.189976200597006,0.751338124745795,False,down
WBGene00008998,2,0.9333333333333333,PFNA,-0.21261593758078,0.751338124745795,False,down
WBGene00008785,2,0.8,PFNA,-0.406484062530703,0.751338124745795,False,down
WBGene00018328,2,1.0,PFNA,-0.126593420746501,0.751828873971559,False,down
WBGene00013819,2,0.9666666666666667,PFNA,-0.20977323222884,0.754063642229268,False,down
WBGene00017765,2,0.9666666666666667,PFNA,-0.0635467552206665,0.754594609747675,False,down
WBGene00004335,2,1.0,PFNA,0.146765382247822,0.756188272607541,False,up
WBGene00010317,2,1.0,PFNA,0.124765614116386,0.756528959319274,False,up
WBGene00022073,2,1.0,PFNA,0.0869278259343239,0.756528959319274,False,up
WBGene00012553,2,1.0,PFNA,-0.062385945472779,0.756528959319274,False,down
WBGene00020104,2,0.4666666666666667,PFNA,-0.305685529802182,0.756528959319274,False,down
WBGene00017070,2,0.9666666666666667,PFNA,-0.0980544454906256,0.756889439017102,False,down
WBGene00012615,2,1.0,PFNA,0.216008823392054,0.758324472274464,False,up
WBGene00015248,2,1.0,PFNA,-0.102416158495432,0.758324472274464,False,down
WBGene00009126,2,0.9666666666666667,PFNA,-0.0549417289048725,0.75843852513666,False,down
WBGene00011454,2,1.0,PFNA,0.12451969249512,0.758577858894705,False,up
WBGene00004929,2,1.0,PFNA,0.0699326177515277,0.758577858894705,False,up
WBGene00022517,2,1.0,PFNA,-0.284424771484902,0.759498424383882,False,down
WBGene00012371,2,0.9666666666666667,PFNA,-0.219474629728,0.759510395147441,False,down
WBGene00000732,2,0.9666666666666667,PFNA,0.388581041941794,0.759557720249032,False,up
WBGene00002011,2,1.0,PFNA,-0.128877514252656,0.759557720249032,False,down
WBGene00003052,2,1.0,PFNA,-0.0627319395012497,0.759711073206496,False,down
WBGene00008493,2,1.0,PFNA,-0.388930796304894,0.759711073206496,False,down
WBGene00022665,2,1.0,PFNA,-0.189664088893073,0.761767311816465,False,down
WBGene00001830,2,1.0,PFNA,-0.172370468939295,0.761792369675908,False,down
WBGene00004044,2,1.0,PFNA,-0.147749147181141,0.762555475274202,False,down
WBGene00007022,2,1.0,PFNA,-0.13551713318783,0.762694225526076,False,down
WBGene00023487,2,1.0,PFNA,-0.124624120254255,0.76284065980573,False,down
WBGene00011155,2,1.0,PFNA,-0.206243429224202,0.765922545987141,False,down
WBGene00001102,2,1.0,PFNA,-0.142655059297561,0.76696283791274,False,down
WBGene00010083,2,1.0,PFNA,-0.119414624261861,0.767760005286805,False,down
WBGene00018786,2,1.0,PFNA,-0.207143333050511,0.767973356960821,False,down
WBGene00003831,2,1.0,PFNA,-0.0620470004641464,0.768238701607825,False,down
WBGene00021063,2,1.0,PFNA,-0.0855717007480347,0.76990630428905,False,down
WBGene00007710,2,1.0,PFNA,-0.213880610205945,0.770444796152127,False,down
WBGene00007728,2,1.0,PFNA,-0.22449022705007,0.770444796152127,False,down
WBGene00022573,2,0.9666666666666667,PFNA,-0.220497312784151,0.770624723672181,False,down
WBGene00011081,2,0.8666666666666667,PFNA,-0.177770876007312,0.773933475310631,False,down
WBGene00015019,2,0.6333333333333333,PFNA,-0.419131911321523,0.773933475310631,False,down
WBGene00020889,2,1.0,PFNA,0.202432517252436,0.775263584159836,False,up
WBGene00018742,2,0.8666666666666667,PFNA,0.16562793519725,0.775634711305296,False,up
WBGene00006839,2,1.0,PFNA,0.0588471000258825,0.775634711305296,False,up
WBGene00015017,2,0.9666666666666667,PFNA,-0.0921433994922633,0.775634711305296,False,down
WBGene00012479,2,0.8333333333333334,PFNA,-0.126958931282539,0.775634711305296,False,down
WBGene00004282,2,1.0,PFNA,-0.150215374679936,0.775634711305296,False,down
WBGene00017002,2,1.0,PFNA,-0.166528971559979,0.775634711305296,False,down
WBGene00001805,2,0.9333333333333333,PFNA,-0.258981834260237,0.775634711305296,False,down
WBGene00015135,2,0.9333333333333333,PFNA,-0.447032644729957,0.775634711305296,False,down
WBGene00007600,2,1.0,PFNA,-0.301322416452195,0.776076554774749,False,down
WBGene00004112,2,1.0,PFNA,-0.108539266032281,0.776330177855965,False,down
WBGene00019630,2,0.9333333333333333,PFNA,-0.231813863427914,0.776330177855965,False,down
WBGene00004415,2,1.0,PFNA,0.0515669419525639,0.776881970504391,False,up
WBGene00002196,2,1.0,PFNA,0.0482096040054004,0.776881970504391,False,up
WBGene00020839,2,0.7,PFNA,-0.0924681636221545,0.776881970504391,False,down
WBGene00016173,2,1.0,PFNA,-0.106866030927114,0.776881970504391,False,down
WBGene00015029,2,1.0,PFNA,-0.108623832267462,0.776881970504391,False,down
WBGene00013967,2,0.9333333333333333,PFNA,-0.143482377504903,0.776881970504391,False,down
WBGene00019935,2,1.0,PFNA,-0.172373360861399,0.776881970504391,False,down
WBGene00018342,2,1.0,PFNA,-0.173863267048274,0.776881970504391,False,down
WBGene00012420,2,1.0,PFNA,-0.175616231585369,0.776881970504391,False,down
WBGene00012228,2,0.9666666666666667,PFNA,-0.183028689066522,0.776881970504391,False,down
WBGene00022618,2,1.0,PFNA,-0.0774385659160184,0.777187552941465,False,down
WBGene00185102,2,0.9666666666666667,PFNA,-0.267610185633134,0.777187552941465,False,down
WBGene00007116,2,1.0,PFNA,0.105202626207068,0.777980903278721,False,up
WBGene00017837,2,1.0,PFNA,0.0875214981484373,0.777980903278721,False,up
WBGene00020300,2,1.0,PFNA,-0.179641949428606,0.778242563435664,False,down
WBGene00021282,2,1.0,PFNA,-0.179930480137518,0.778626024659325,False,down
WBGene00001038,2,1.0,PFNA,0.0684894448817851,0.779368029087705,False,up
WBGene00004416,2,1.0,PFNA,0.0547274468387461,0.779368029087705,False,up
WBGene00012291,2,1.0,PFNA,-0.118606792910478,0.779368029087705,False,down
WBGene00001690,2,1.0,PFNA,-0.260710216768636,0.779368029087705,False,down
WBGene00021603,2,0.9666666666666667,PFNA,-0.288226082690659,0.780229231645863,False,down
WBGene00012176,2,0.9333333333333333,PFNA,-0.393069974477706,0.780229231645863,False,down
WBGene00013654,2,0.9333333333333333,PFNA,0.126524761548557,0.780413788888502,False,up
WBGene00012025,2,1.0,PFNA,-0.286345332160525,0.780952474449651,False,down
WBGene00002994,2,0.9666666666666667,PFNA,-0.0667084411249959,0.782054558884424,False,down
WBGene00020967,2,0.9666666666666667,PFNA,0.184596601786101,0.784395961447622,False,up
WBGene00014035,2,0.9666666666666667,PFNA,0.145105606898145,0.784395961447622,False,up
WBGene00006498,2,1.0,PFNA,0.067438872648174,0.784395961447622,False,up
WBGene00004501,2,1.0,PFNA,-0.081258922481077,0.784395961447622,False,down
WBGene00013550,2,0.9333333333333333,PFNA,-0.0812772981721482,0.784395961447622,False,down
WBGene00001241,2,0.9333333333333333,PFNA,0.152905015903559,0.785309045868427,False,up
WBGene00021685,2,1.0,PFNA,0.0808975565072299,0.78568906135912,False,up
WBGene00016108,2,1.0,PFNA,-0.146415911290008,0.78568906135912,False,down
WBGene00021687,2,1.0,PFNA,0.153052626246051,0.786119790767132,False,up
WBGene00008528,2,1.0,PFNA,0.101851610224614,0.786119790767132,False,up
WBGene00011268,2,1.0,PFNA,-0.0802277556756981,0.786119790767132,False,down
WBGene00044329,2,1.0,PFNA,-0.0998520242728291,0.786119790767132,False,down
WBGene00019868,2,0.9,PFNA,-0.182785767860892,0.786119790767132,False,down
WBGene00012635,2,1.0,PFNA,-0.550007785434407,0.786119790767132,False,down
WBGene00006349,2,0.9666666666666667,PFNA,0.0866237519709069,0.786754353727694,False,up
WBGene00012344,2,1.0,PFNA,-0.0512897423800329,0.787166385480135,False,down
WBGene00017262,2,0.8666666666666667,PFNA,-0.103775229791812,0.787166385480135,False,down
WBGene00018877,2,1.0,PFNA,-0.275388365640246,0.787166385480135,False,down
WBGene00012433,2,1.0,PFNA,-0.323867776761497,0.787166385480135,False,down
WBGene00021020,2,1.0,PFNA,0.123403494105306,0.787605871706355,False,up
WBGene00004419,2,1.0,PFNA,0.0562049721764805,0.787605871706355,False,up
WBGene00002280,2,1.0,PFNA,-0.0887163780460351,0.787605871706355,False,down
WBGene00001583,2,1.0,PFNA,-0.0922889598361566,0.787605871706355,False,down
WBGene00007624,2,1.0,PFNA,-0.0961753855149071,0.787605871706355,False,down
WBGene00000189,2,1.0,PFNA,-0.167386068351988,0.787605871706355,False,down
WBGene00008279,2,0.9333333333333333,PFNA,-0.419500424031789,0.787605871706355,False,down
WBGene00010481,2,1.0,PFNA,-0.12879168267018,0.787634182725308,False,down
WBGene00004931,2,1.0,PFNA,-0.0827208040236797,0.788566452776624,False,down
WBGene00011930,2,0.9333333333333333,PFNA,-0.102364032374759,0.788566452776624,False,down
WBGene00020376,2,1.0,PFNA,-0.108120719487593,0.788726053639689,False,down
WBGene00019188,2,1.0,PFNA,0.0693124764949456,0.790239369784741,False,up
WBGene00018925,2,1.0,PFNA,-0.0834520301778654,0.790239369784741,False,down
WBGene00000976,2,0.5333333333333333,PFNA,-0.119310639143174,0.790239369784741,False,down
WBGene00006722,2,1.0,PFNA,-0.122954507008328,0.790239369784741,False,down
WBGene00013552,2,1.0,PFNA,-0.199473578599508,0.790239369784741,False,down
WBGene00015695,2,1.0,PFNA,-0.151048441026416,0.790894440863575,False,down
WBGene00012765,2,1.0,PFNA,0.047631535594213,0.791015082377617,False,up
WBGene00021365,2,1.0,PFNA,-0.0674083288871841,0.791015082377617,False,down
WBGene00016336,2,1.0,PFNA,-0.4040027252271,0.792457287173382,False,down
WBGene00020181,2,1.0,PFNA,-0.0710198958601615,0.793163265799814,False,down
WBGene00013332,2,1.0,PFNA,-0.0865762034018714,0.793353571742612,False,down
WBGene00013561,2,1.0,PFNA,-0.104695568996895,0.793353571742612,False,down
WBGene00012716,2,0.9666666666666667,PFNA,-0.170882547473447,0.793353571742612,False,down
WBGene00000594,2,1.0,PFNA,0.141344785248387,0.793487314534225,False,up
WBGene00020894,2,1.0,PFNA,-0.210053857460063,0.793487314534225,False,down
WBGene00017691,2,0.6666666666666666,PFNA,-0.230071338091284,0.793487314534225,False,down
WBGene00006368,2,0.9,PFNA,0.100731620017364,0.794151205080319,False,up
WBGene00021487,2,0.9666666666666667,PFNA,0.180127618210964,0.794743027450764,False,up
WBGene00016294,2,0.6,PFNA,0.127169936261099,0.794743027450764,False,up
WBGene00006769,2,1.0,PFNA,0.0572736209969853,0.794743027450764,False,up
WBGene00011111,2,0.7,PFNA,-0.0791507087342394,0.794743027450764,False,down
WBGene00016018,2,0.9666666666666667,PFNA,-0.131072660686108,0.794743027450764,False,down
WBGene00021396,2,0.9666666666666667,PFNA,-0.153414712813087,0.794743027450764,False,down
WBGene00001247,2,1.0,PFNA,0.112025050825261,0.794777035092047,False,up
WBGene00018741,2,1.0,PFNA,-0.420960060858734,0.796354653739713,False,down
WBGene00001385,2,1.0,PFNA,-0.0775565346127772,0.796668732093912,False,down
WBGene00014208,2,0.9666666666666667,PFNA,0.0751402497570321,0.797004729358281,False,up
WBGene00021236,2,0.9333333333333333,PFNA,0.386709053048973,0.797272419436663,False,up
WBGene00020692,2,1.0,PFNA,0.139413847823559,0.797272419436663,False,up
WBGene00016582,2,1.0,PFNA,0.064804257631769,0.797272419436663,False,up
WBGene00010383,2,0.9666666666666667,PFNA,-0.0928746881417455,0.797272419436663,False,down
WBGene00013387,2,0.9333333333333333,PFNA,-0.206024806413912,0.797272419436663,False,down
WBGene00016639,2,0.7,PFNA,-0.386848853583289,0.797325858278585,False,down
WBGene00009237,2,0.7,PFNA,-0.162259275222844,0.797934461454367,False,down
WBGene00007140,2,1.0,PFNA,-0.290524356452311,0.798828215933038,False,down
WBGene00013463,2,0.9666666666666667,PFNA,-0.0587472388653972,0.799351131745779,False,down
WBGene00019021,2,1.0,PFNA,-0.402149725985721,0.799454910330213,False,down
WBGene00000213,2,0.8333333333333334,PFNA,-0.498020905639815,0.799454910330213,False,down
WBGene00020964,2,1.0,PFNA,0.0986354484949655,0.80011328439141,False,up
WBGene00008400,2,1.0,PFNA,-0.0819401308975864,0.800473963657159,False,down
WBGene00019971,2,1.0,PFNA,-0.087544886073489,0.800473963657159,False,down
WBGene00000513,2,1.0,PFNA,0.182514003715154,0.800584369134246,False,up
WBGene00003085,2,1.0,PFNA,-0.0543791207199797,0.800584369134246,False,down
WBGene00017355,2,0.9666666666666667,PFNA,-0.0736946030059226,0.800584369134246,False,down
WBGene00016973,2,0.9666666666666667,PFNA,-0.295556440368971,0.800584369134246,False,down
WBGene00001099,2,1.0,PFNA,0.0886546839902063,0.800793120024001,False,up
WBGene00016393,2,0.9666666666666667,PFNA,-0.0591121214252873,0.800793120024001,False,down
WBGene00009340,2,1.0,PFNA,-0.0953703684305218,0.801489101582693,False,down
WBGene00005663,2,0.8666666666666667,PFNA,-0.0727998575947234,0.802239776204476,False,down
WBGene00019962,2,1.0,PFNA,-0.156695106186481,0.802239776204476,False,down
WBGene00006760,2,1.0,PFNA,0.129079215020437,0.802555804771223,False,up
WBGene00001147,2,1.0,PFNA,0.209864724418162,0.803749101271637,False,up
WBGene00015377,2,1.0,PFNA,-0.257526123569529,0.804174012334837,False,down
WBGene00004245,2,1.0,PFNA,0.0812089873017986,0.80427028760207,False,up
WBGene00010338,2,0.8333333333333334,PFNA,-0.0912132889347996,0.80427028760207,False,down
WBGene00020701,2,1.0,PFNA,-0.114078612357252,0.80522075484036,False,down
WBGene00021146,2,1.0,PFNA,0.083736609489784,0.805349320924323,False,up
WBGene00004206,2,1.0,PFNA,-0.0938377360474411,0.805779433048334,False,down
WBGene00007743,2,1.0,PFNA,-0.115675313447148,0.805779433048334,False,down
WBGene00020500,2,1.0,PFNA,0.0853144158736372,0.805788231452871,False,up
WBGene00007223,2,1.0,PFNA,-0.0941371406993948,0.805788231452871,False,down
WBGene00009918,2,1.0,PFNA,-0.121020411033042,0.806766090233992,False,down
WBGene00014938,2,0.5333333333333333,PFNA,0.128880483990106,0.806782645684594,False,up
WBGene00006910,2,1.0,PFNA,0.0699728591055176,0.806782645684594,False,up
WBGene00004684,2,1.0,PFNA,-0.0521345736981396,0.806782645684594,False,down
WBGene00008262,2,1.0,PFNA,-0.0665286050683323,0.806782645684594,False,down
WBGene00000161,2,1.0,PFNA,-0.069001264081101,0.806782645684594,False,down
WBGene00011181,2,1.0,PFNA,-0.108144537195287,0.806782645684594,False,down
WBGene00007826,2,1.0,PFNA,-0.113675066322984,0.806782645684594,False,down
WBGene00010339,2,1.0,PFNA,0.0862818310001935,0.80731324839789,False,up
WBGene00011498,2,0.9666666666666667,PFNA,-0.0925526978579055,0.80731324839789,False,down
WBGene00016990,2,0.9,PFNA,-0.0799851387881467,0.807692836202703,False,down
WBGene00003077,2,0.5666666666666667,PFNA,-0.10773477719227,0.807810324401751,False,down
WBGene00007192,2,1.0,PFNA,-0.050522244152167,0.807912254381357,False,down
WBGene00017363,2,1.0,PFNA,-0.19296089660844,0.807912254381357,False,down
WBGene00018282,2,1.0,PFNA,0.137498599985024,0.80833955651373,False,up
WBGene00022363,2,1.0,PFNA,0.091327570746656,0.80843513467202,False,up
WBGene00013847,2,0.9666666666666667,PFNA,0.0560927647573518,0.80843513467202,False,up
WBGene00020025,2,1.0,PFNA,-0.0524288749998815,0.80843513467202,False,down
WBGene00017757,2,1.0,PFNA,-0.0906528550177475,0.808712136374,False,down
WBGene00017499,2,0.9333333333333333,PFNA,0.369710290407982,0.810828228408364,False,up
WBGene00002991,2,0.9666666666666667,PFNA,0.0828768177569803,0.810828228408364,False,up
WBGene00007008,2,1.0,PFNA,-0.0537294635398635,0.810828228408364,False,down
WBGene00013210,2,1.0,PFNA,-0.0655104730986197,0.811106552149341,False,down
WBGene00016722,2,0.9666666666666667,PFNA,-0.0835029822027593,0.811513662277702,False,down
WBGene00016970,2,0.9666666666666667,PFNA,-0.154246068211998,0.811780532984831,False,down
WBGene00011743,2,0.6666666666666666,PFNA,-0.108416780117803,0.812445801716491,False,down
WBGene00004010,2,1.0,PFNA,-0.0642767312201221,0.81265179189958,False,down
WBGene00013506,2,1.0,PFNA,0.120751019359542,0.812930078354839,False,up
WBGene00010286,2,1.0,PFNA,-0.0909430223270271,0.812930078354839,False,down
WBGene00018928,2,1.0,PFNA,-0.279513226614928,0.813150875257639,False,down
WBGene00000229,2,1.0,PFNA,-0.0470553174280594,0.813282279710487,False,down
WBGene00021058,2,0.7,PFNA,-0.0626548747416298,0.813282279710487,False,down
WBGene00021849,2,0.8666666666666667,PFNA,-0.0688535572463615,0.813282279710487,False,down
WBGene00017759,2,1.0,PFNA,-0.101152702578478,0.813282279710487,False,down
WBGene00008848,2,0.9666666666666667,PFNA,-0.107253573455313,0.813282279710487,False,down
WBGene00006540,2,1.0,PFNA,-0.0661874081065469,0.81450965263898,False,down
WBGene00000038,2,1.0,PFNA,-0.118758563350584,0.815561926498099,False,down
WBGene00007787,2,0.9666666666666667,PFNA,0.0605588785854076,0.815562347473032,False,up
WBGene00012359,2,1.0,PFNA,0.0546845203121544,0.815562347473032,False,up
WBGene00006994,2,1.0,PFNA,-0.0675167907927803,0.815562347473032,False,down
WBGene00006840,2,1.0,PFNA,-0.0491970925990936,0.815848572334431,False,down
WBGene00006875,2,0.8,PFNA,-0.0685228193747961,0.815848572334431,False,down
WBGene00013109,2,0.5333333333333333,PFNA,-0.0974726924138158,0.815848572334431,False,down
WBGene00011503,2,0.9666666666666667,PFNA,-0.0769261361068649,0.816037513609501,False,down
WBGene00016381,2,1.0,PFNA,-0.144507147762644,0.816258369485821,False,down
WBGene00010652,2,0.9,PFNA,0.239390191260541,0.816475557679605,False,up
WBGene00000691,2,1.0,PFNA,0.128463851778617,0.816475557679605,False,up
WBGene00044322,2,1.0,PFNA,0.111298232212268,0.816475557679605,False,up
WBGene00010875,2,1.0,PFNA,-0.0682785313562402,0.816475557679605,False,down
WBGene00007434,2,1.0,PFNA,-0.0867624243789935,0.816475557679605,False,down
WBGene00001997,2,0.9333333333333333,PFNA,-0.14808370041404,0.816475557679605,False,down
WBGene00000391,2,0.6666666666666666,PFNA,0.0947285436606287,0.816837170152535,False,up
WBGene00008380,2,1.0,PFNA,-0.0731203478105701,0.816837170152535,False,down
WBGene00000674,2,1.0,PFNA,-0.0764526448005785,0.816837170152535,False,down
WBGene00086566,2,1.0,PFNA,-0.102138533073536,0.816978645393752,False,down
WBGene00000239,2,1.0,PFNA,-0.0958017965015597,0.818756300524671,False,down
WBGene00019849,2,0.9,PFNA,-0.37408960935462,0.819276449781227,False,down
WBGene00021626,2,0.9666666666666667,PFNA,-0.093887267428489,0.819697403119022,False,down
WBGene00003813,2,1.0,PFNA,-0.0922139219660372,0.819917001376022,False,down
WBGene00011109,2,1.0,PFNA,-0.0982746465330952,0.820977460518375,False,down
WBGene00022786,2,0.9,PFNA,-0.103841624321824,0.821651593011956,False,down
WBGene00008670,2,1.0,PFNA,0.0648057034524766,0.822371100266007,False,up
WBGene00017007,2,1.0,PFNA,-0.11485400677342,0.822894431711076,False,down
WBGene00017782,2,1.0,PFNA,0.0725803992489879,0.825331778547834,False,up
WBGene00011119,2,0.9333333333333333,PFNA,0.145080675856957,0.82559017830668,False,up
WBGene00011729,2,1.0,PFNA,0.0560529638177505,0.826103823000484,False,up
WBGene00018565,2,0.9333333333333333,PFNA,-0.294603221634514,0.826556676924313,False,down
WBGene00021735,2,0.9333333333333333,PFNA,-0.0733369831872698,0.82667099443656,False,down
WBGene00015573,2,0.9333333333333333,PFNA,-0.262553844235627,0.82667099443656,False,down
WBGene00018823,2,1.0,PFNA,0.12756401716902,0.827021486242568,False,up
WBGene00021811,2,1.0,PFNA,0.071470425727449,0.829333790699019,False,up
WBGene00001082,2,1.0,PFNA,0.0551805875123872,0.829785314029752,False,up
WBGene00008740,2,1.0,PFNA,-0.158486980805148,0.829785314029752,False,down
WBGene00006937,2,1.0,PFNA,-0.075431219202422,0.830355926936042,False,down
WBGene00023421,2,1.0,PFNA,-0.07543888577973,0.830355926936042,False,down
WBGene00000753,2,1.0,PFNA,0.148000156749472,0.831070865593938,False,up
WBGene00010266,2,0.6666666666666666,PFNA,0.122003523393839,0.831070865593938,False,up
WBGene00017184,2,1.0,PFNA,-0.0829613721097577,0.831169755905885,False,down
WBGene00018963,2,1.0,PFNA,-0.0477938755343217,0.831322899586145,False,down
WBGene00021785,2,0.5666666666666667,PFNA,-0.111942666426688,0.831673151106742,False,down
WBGene00017866,2,1.0,PFNA,-0.0944487516407108,0.831681049569918,False,down
WBGene00013447,2,1.0,PFNA,-0.0756050118480488,0.831817646977249,False,down
WBGene00012489,2,0.9666666666666667,PFNA,0.223449242543488,0.832066854597112,False,up
WBGene00011980,2,1.0,PFNA,0.0477611958478539,0.832422248020758,False,up
WBGene00000869,2,1.0,PFNA,-0.0413119385717777,0.832481929822421,False,down
WBGene00022150,2,1.0,PFNA,-0.0584369763728768,0.832481929822421,False,down
WBGene00004121,2,1.0,PFNA,-0.0585426658506249,0.834454820969142,False,down
WBGene00007947,2,1.0,PFNA,0.347764199904882,0.837187794360162,False,up
WBGene00021452,2,1.0,PFNA,0.185301149390285,0.837187794360162,False,up
WBGene00009432,2,1.0,PFNA,0.122707325659128,0.837187794360162,False,up
WBGene00015235,2,1.0,PFNA,0.0962536867469354,0.837187794360162,False,up
WBGene00013804,2,1.0,PFNA,0.072669649970417,0.837187794360162,False,up
WBGene00000371,2,1.0,PFNA,-0.0593569251929463,0.837187794360162,False,down
WBGene00015477,2,0.6666666666666666,PFNA,-0.0646168298945319,0.837187794360162,False,down
WBGene00002324,2,1.0,PFNA,-0.0922063303040563,0.837187794360162,False,down
WBGene00009608,2,0.8666666666666667,PFNA,0.396624601266338,0.837611467361495,False,up
WBGene00000514,2,0.5333333333333333,PFNA,0.0996383703102845,0.837611467361495,False,up
WBGene00008533,2,1.0,PFNA,-0.0865381763260375,0.837611467361495,False,down
WBGene00019321,2,1.0,PFNA,-0.134051705339752,0.837611467361495,False,down
WBGene00004475,2,1.0,PFNA,0.0483732270533814,0.838506242271683,False,up
WBGene00010595,2,1.0,PFNA,-0.154478519626238,0.838506242271683,False,down
WBGene00001772,2,0.6,PFNA,0.115148633590454,0.838874501085002,False,up
WBGene00002915,2,1.0,PFNA,0.0808257321048931,0.838874501085002,False,up
WBGene00007880,2,1.0,PFNA,-0.0677422967250499,0.838874501085002,False,down
WBGene00022033,2,1.0,PFNA,0.148302161263969,0.839630636665388,False,up
WBGene00185079,2,1.0,PFNA,0.105230977148891,0.840932008903809,False,up
WBGene00020183,2,0.5666666666666667,PFNA,-0.0963625834577344,0.84094755842655,False,down
WBGene00018999,2,1.0,PFNA,0.155004985711613,0.841190051592707,False,up
WBGene00003239,2,0.9,PFNA,0.065494894768557,0.841483637287728,False,up
WBGene00015413,2,1.0,PFNA,-0.0633186648755137,0.841483637287728,False,down
WBGene00020441,2,1.0,PFNA,-0.0875086738940742,0.841483637287728,False,down
WBGene00022460,2,1.0,PFNA,-0.110026859561687,0.841483637287728,False,down
WBGene00013273,2,1.0,PFNA,0.089322765603368,0.841914541872116,False,up
WBGene00000536,2,1.0,PFNA,-0.0761156461577972,0.841914541872116,False,down
WBGene00017293,2,1.0,PFNA,-0.0913008371940165,0.841914541872116,False,down
WBGene00010140,2,1.0,PFNA,-0.128083561724367,0.841914541872116,False,down
WBGene00012891,2,1.0,PFNA,-0.0612613636284868,0.842472127375243,False,down
WBGene00004729,2,1.0,PFNA,0.0511188710766439,0.842907210559964,False,up
WBGene00012803,2,0.9666666666666667,PFNA,-0.0926268838589256,0.842907210559964,False,down
WBGene00010732,2,0.8666666666666667,PFNA,0.0636582250487771,0.842978497971513,False,up
WBGene00009267,2,1.0,PFNA,-0.0703581293209745,0.843814693724299,False,down
WBGene00017926,2,1.0,PFNA,-0.0824630620244717,0.843814693724299,False,down
WBGene00019373,2,0.9333333333333333,PFNA,0.0977212006189929,0.843863079281955,False,up
WBGene00004769,2,1.0,PFNA,0.0791254779030247,0.843863079281955,False,up
WBGene00044617,2,0.9666666666666667,PFNA,-0.35672270790016,0.844418846893193,False,down
WBGene00004337,2,1.0,PFNA,-0.0815352533589569,0.844687130486346,False,down
WBGene00007873,2,1.0,PFNA,-0.523875755729357,0.844687130486346,False,down
WBGene00015009,2,0.9666666666666667,PFNA,0.0588987413729534,0.844705217642891,False,up
WBGene00018472,2,0.6666666666666666,PFNA,-0.188067976763729,0.845040687998678,False,down
WBGene00016421,2,1.0,PFNA,-0.186256149156748,0.845076498503977,False,down
WBGene00015141,2,0.9333333333333333,PFNA,0.274828272155798,0.845525217515544,False,up
WBGene00012325,2,1.0,PFNA,-0.2448390764602,0.845605843592153,False,down
WBGene00001651,2,0.9333333333333333,PFNA,-0.052944639947992,0.845894508684953,False,down
WBGene00011735,2,1.0,PFNA,-0.0598070087007214,0.846808804170975,False,down
WBGene00004760,2,1.0,PFNA,0.0422403509938154,0.847507408849202,False,up
WBGene00004357,2,1.0,PFNA,0.0418441028668418,0.847968000860702,False,up
WBGene00011634,2,1.0,PFNA,-0.073649221051282,0.848671750474976,False,down
WBGene00021628,2,1.0,PFNA,0.0934717346239378,0.849019666247825,False,up
WBGene00017708,2,1.0,PFNA,-0.151697187894968,0.849019666247825,False,down
WBGene00011670,2,1.0,PFNA,-0.17240348157726,0.849019666247825,False,down
WBGene00019754,2,1.0,PFNA,-0.315609631704616,0.849175964128068,False,down
WBGene00002271,2,1.0,PFNA,-0.0866912755887423,0.849886236707738,False,down
WBGene00006747,2,1.0,PFNA,0.0517964880935792,0.850089419977272,False,up
WBGene00001752,2,0.9666666666666667,PFNA,-0.288969244065915,0.85031455607728,False,down
WBGene00012029,2,0.9333333333333333,PFNA,-0.106715919375801,0.85102375932799,False,down
WBGene00003664,2,0.9,PFNA,0.19973339188297,0.851039620932324,False,up
WBGene00016626,2,0.7666666666666667,PFNA,0.13109474379542,0.851039620932324,False,up
WBGene00000115,2,1.0,PFNA,-0.0922957563537822,0.851039620932324,False,down
WBGene00009294,2,1.0,PFNA,-0.0828006657623033,0.851443291168575,False,down
WBGene00003081,2,1.0,PFNA,-0.104791037290422,0.852381529445082,False,down
WBGene00018070,2,0.9333333333333333,PFNA,-0.144461475156255,0.852381529445082,False,down
WBGene00021354,2,1.0,PFNA,0.123608178526453,0.852398609814466,False,up
WBGene00006792,2,1.0,PFNA,0.0807585310341908,0.852398609814466,False,up
WBGene00006863,2,1.0,PFNA,0.0571446729472177,0.852398609814466,False,up
WBGene00010497,2,0.9666666666666667,PFNA,-0.0943982473781239,0.852398609814466,False,down
WBGene00008565,2,1.0,PFNA,-0.277799855815854,0.852398609814466,False,down
WBGene00020275,2,1.0,PFNA,-0.0519945713346219,0.852461417567653,False,down
WBGene00007729,2,0.5666666666666667,PFNA,-0.181282629423364,0.852616645482083,False,down
WBGene00018527,2,0.9666666666666667,PFNA,0.193350942783073,0.8533909800921,False,up
WBGene00004969,2,1.0,PFNA,0.0813421783797586,0.853684099316406,False,up
WBGene00009220,2,0.9666666666666667,PFNA,-0.198173251448563,0.853684099316406,False,down
WBGene00016250,2,1.0,PFNA,0.0764301321229572,0.8544638394238,False,up
WBGene00010925,2,1.0,PFNA,0.101294580233334,0.85453635038535,False,up
WBGene00006681,2,0.9666666666666667,PFNA,0.0849310996158193,0.85453635038535,False,up
WBGene00002363,2,0.7,PFNA,-0.0420209081651242,0.85453635038535,False,down
WBGene00012337,2,0.9666666666666667,PFNA,0.0842997809071382,0.854602857319413,False,up
WBGene00013122,2,0.8,PFNA,-0.0954891070751796,0.854931702551683,False,down
WBGene00016759,2,1.0,PFNA,0.0827427569267489,0.854939746819523,False,up
WBGene00013667,2,1.0,PFNA,-0.0519442347297269,0.854939746819523,False,down
WBGene00004201,2,1.0,PFNA,0.0528433662844554,0.855190055602477,False,up
WBGene00019620,2,1.0,PFNA,-0.0858465287026663,0.855314095114068,False,down
WBGene00014075,2,1.0,PFNA,0.0585514046902717,0.855622570812057,False,up
WBGene00004207,2,0.9666666666666667,PFNA,0.0628964303248776,0.856173036869455,False,up
WBGene00002225,2,0.9666666666666667,PFNA,0.078441193921131,0.856256818967052,False,up
WBGene00002045,2,1.0,PFNA,-0.045014503851761,0.856713816390995,False,down
WBGene00008930,2,1.0,PFNA,-0.126176254169751,0.856713816390995,False,down
WBGene00023067,2,1.0,PFNA,-0.156501628469222,0.856713816390995,False,down
WBGene00045507,2,1.0,PFNA,-0.0675303917265382,0.856795999563961,False,down
WBGene00000798,2,0.9666666666666667,PFNA,-0.0858233631504847,0.856795999563961,False,down
WBGene00020258,2,1.0,PFNA,-0.117462347909794,0.856795999563961,False,down
WBGene00013140,2,1.0,PFNA,0.0653694204250787,0.856800111125131,False,up
WBGene00000410,2,0.9333333333333333,PFNA,0.0585943872430183,0.857025205298733,False,up
WBGene00000462,2,1.0,PFNA,-0.0922457093086642,0.85739724000378,False,down
WBGene00000067,2,1.0,PFNA,0.10193866584558,0.857459308448616,False,up
WBGene00003559,2,0.9666666666666667,PFNA,0.0701427540825552,0.857699990421943,False,up
WBGene00009575,2,1.0,PFNA,-0.0621421393320921,0.857699990421943,False,down
WBGene00004296,2,1.0,PFNA,-0.064638618604456,0.857699990421943,False,down
WBGene00019937,2,1.0,PFNA,-0.0783838334435613,0.857699990421943,False,down
WBGene00016544,2,1.0,PFNA,-0.153001017842565,0.857699990421943,False,down
WBGene00007583,2,1.0,PFNA,0.0654315629304481,0.857704369388477,False,up
WBGene00015581,2,1.0,PFNA,-0.0537810307615185,0.857704369388477,False,down
WBGene00004854,2,1.0,PFNA,-0.0630258732719878,0.857704369388477,False,down
WBGene00001040,2,1.0,PFNA,-0.0889504998888647,0.857704369388477,False,down
WBGene00006933,2,1.0,PFNA,0.0487644679412134,0.85846084284345,False,up
WBGene00019199,2,1.0,PFNA,-0.0975134868265946,0.858725868054868,False,down
WBGene00011015,2,1.0,PFNA,-0.0635245403463482,0.859480951343361,False,down
WBGene00007994,2,0.9666666666666667,PFNA,-0.134339569351204,0.859480951343361,False,down
WBGene00021190,2,0.9666666666666667,PFNA,-0.139882701170715,0.859480951343361,False,down
WBGene00021562,2,1.0,PFNA,-0.0498044824914399,0.85954970460274,False,down
WBGene00014111,2,1.0,PFNA,-0.081709706784879,0.85954970460274,False,down
WBGene00004679,2,1.0,PFNA,-0.053808573579899,0.859939050459744,False,down
WBGene00009650,2,1.0,PFNA,-0.0707560089215755,0.859939050459744,False,down
WBGene00007652,2,1.0,PFNA,-0.0828068482730767,0.859939050459744,False,down
WBGene00012460,2,1.0,PFNA,-0.0943828474219272,0.859939050459744,False,down
WBGene00008664,2,1.0,PFNA,-0.060133009498325,0.861410256608558,False,down
WBGene00022231,2,1.0,PFNA,0.0676823125036979,0.861532416139233,False,up
WBGene00021765,2,1.0,PFNA,-0.046638305809322,0.861720810528944,False,down
WBGene00020012,2,1.0,PFNA,-0.0719603850979446,0.861720810528944,False,down
WBGene00001791,2,1.0,PFNA,-0.0811095919721413,0.861720810528944,False,down
WBGene00022534,2,1.0,PFNA,-0.0971594210667108,0.861720810528944,False,down
WBGene00011502,2,0.9,PFNA,0.0548217517275328,0.861786544045104,False,up
WBGene00007386,2,0.9333333333333333,PFNA,-0.069057688959309,0.861786544045104,False,down
WBGene00008986,2,1.0,PFNA,0.115279955636381,0.861906372731003,False,up
WBGene00006568,2,0.9666666666666667,PFNA,-0.172175709556819,0.861984922967146,False,down
WBGene00003246,2,1.0,PFNA,-0.0776854270140394,0.862174323710341,False,down
WBGene00013680,2,1.0,PFNA,0.077550811606627,0.862463984752896,False,up
WBGene00009993,2,0.6,PFNA,-0.0581938758033686,0.862463984752896,False,down
WBGene00001784,2,0.7,PFNA,-0.084403216814194,0.862463984752896,False,down
WBGene00007348,2,0.9666666666666667,PFNA,0.0781015148806089,0.862470288277422,False,up
WBGene00008148,2,1.0,PFNA,0.075388026987397,0.862470288277422,False,up
WBGene00011604,2,1.0,PFNA,0.061174145026726,0.862470288277422,False,up
WBGene00011193,2,1.0,PFNA,-0.0923367465677411,0.862470288277422,False,down
WBGene00017159,2,0.9666666666666667,PFNA,0.083861277999224,0.862504801696181,False,up
WBGene00005131,2,1.0,PFNA,-0.182631243366501,0.863752867066248,False,down
WBGene00012408,2,1.0,PFNA,0.154344515115566,0.864279234008794,False,up
WBGene00021442,2,1.0,PFNA,-0.0648051833805352,0.864279234008794,False,down
WBGene00021917,2,1.0,PFNA,-0.089194992365415,0.864279234008794,False,down
WBGene00016182,2,1.0,PFNA,-0.0917976232698297,0.864279234008794,False,down
WBGene00006698,2,1.0,PFNA,-0.0733074805934856,0.8645376345274,False,down
WBGene00010089,2,1.0,PFNA,-0.0668449848073838,0.865451278282202,False,down
WBGene00044310,2,1.0,PFNA,-0.100420458999817,0.865664924809287,False,down
WBGene00044294,2,0.9666666666666667,PFNA,0.0930633063322831,0.865915051462881,False,up
WBGene00016210,2,1.0,PFNA,0.08063639489673,0.868047463284043,False,up
WBGene00019360,2,0.9333333333333333,PFNA,0.124584450919654,0.868208416119753,False,up
WBGene00004806,2,1.0,PFNA,-0.0527685685782194,0.868208416119753,False,down
WBGene00001007,2,1.0,PFNA,-0.0536424987342983,0.868208416119753,False,down
WBGene00008140,2,0.9333333333333333,PFNA,-0.0621240019774751,0.868208416119753,False,down
WBGene00007746,2,1.0,PFNA,-0.0658169976183133,0.868208416119753,False,down
WBGene00007266,2,0.6666666666666666,PFNA,-0.0823577723782101,0.868208416119753,False,down
WBGene00019460,2,0.9666666666666667,PFNA,-0.0863637788109534,0.868208416119753,False,down
WBGene00021226,2,1.0,PFNA,0.242592416913876,0.868500009784373,False,up
WBGene00010647,2,1.0,PFNA,-0.158632125736652,0.869101087580487,False,down
WBGene00000777,2,1.0,PFNA,0.0784000240805536,0.869980293978814,False,up
WBGene00009940,2,0.9666666666666667,PFNA,0.0538393727535644,0.869980293978814,False,up
WBGene00015555,2,0.7,PFNA,-0.0452450557219649,0.869980293978814,False,down
WBGene00006468,2,1.0,PFNA,-0.0666841451442893,0.869980293978814,False,down
WBGene00006389,2,1.0,PFNA,-0.0837821850503274,0.869980293978814,False,down
WBGene00011635,2,1.0,PFNA,-0.0883995647395887,0.869980293978814,False,down
WBGene00015707,2,1.0,PFNA,-0.212152356748712,0.869980293978814,False,down
WBGene00016373,2,0.9666666666666667,PFNA,-0.0995128827837271,0.870162595998207,False,down
WBGene00002251,2,0.9666666666666667,PFNA,0.0552739903498,0.870234711591243,False,up
WBGene00017605,2,1.0,PFNA,-0.0748084194814529,0.870234711591243,False,down
WBGene00003735,2,1.0,PFNA,0.0454574756695111,0.870314534696483,False,up
WBGene00015105,2,1.0,PFNA,-0.104847940687511,0.870975341352652,False,down
WBGene00010780,2,1.0,PFNA,0.0769423988379266,0.871327952614551,False,up
WBGene00013998,2,0.9666666666666667,PFNA,-0.0744862951548643,0.871327952614551,False,down
WBGene00022583,2,1.0,PFNA,-0.0806080492307837,0.871327952614551,False,down
WBGene00013004,2,1.0,PFNA,0.0586150312231478,0.87140631887282,False,up
WBGene00003002,2,1.0,PFNA,0.0409337667928415,0.87140631887282,False,up
WBGene00014965,2,1.0,PFNA,0.0655996693590331,0.871515527645395,False,up
WBGene00010396,2,1.0,PFNA,0.251615304581248,0.871950786350796,False,up
WBGene00020294,2,0.9666666666666667,PFNA,0.0649184427860635,0.871950786350796,False,up
WBGene00018935,2,0.9666666666666667,PFNA,0.056565029960601,0.871950786350796,False,up
WBGene00021378,2,1.0,PFNA,-0.110966794149812,0.871950786350796,False,down
WBGene00010521,2,1.0,PFNA,0.18747484075758,0.872266774774948,False,up
WBGene00008606,2,1.0,PFNA,0.094915816633576,0.87247725768608,False,up
WBGene00011636,2,1.0,PFNA,-0.0573505554308769,0.87247725768608,False,down
WBGene00018814,2,1.0,PFNA,0.0972459531705379,0.872559459818397,False,up
WBGene00007014,2,0.9666666666666667,PFNA,-0.110736002308127,0.872777231898262,False,down
WBGene00004086,2,1.0,PFNA,-0.0901085598717831,0.874384662974651,False,down
WBGene00001240,2,1.0,PFNA,-0.0841437212519678,0.874436246486191,False,down
WBGene00011269,2,1.0,PFNA,-0.104433164187122,0.874436246486191,False,down
WBGene00020022,2,1.0,PFNA,0.0733656505513695,0.875498551705188,False,up
WBGene00008973,2,1.0,PFNA,-0.053127450737693,0.875498551705188,False,down
WBGene00010288,2,1.0,PFNA,0.120874614128382,0.875594621931065,False,up
WBGene00010505,2,1.0,PFNA,0.14149273306096,0.875646333569928,False,up
WBGene00018854,2,1.0,PFNA,0.060521508880398,0.875646333569928,False,up
WBGene00006919,2,1.0,PFNA,-0.0510579992087865,0.875937650871927,False,down
WBGene00017707,2,1.0,PFNA,-0.240725306015982,0.875937650871927,False,down
WBGene00015207,2,1.0,PFNA,-0.0555454860855158,0.87602944482019,False,down
WBGene00021391,2,0.9666666666666667,PFNA,-0.0763700996086884,0.876393092635523,False,down
WBGene00044026,2,0.9666666666666667,PFNA,-0.0786963082580434,0.87699731054041,False,down
WBGene00003078,2,1.0,PFNA,-0.0944052928864901,0.87699731054041,False,down
WBGene00007286,2,0.9666666666666667,PFNA,-0.16851747490942,0.87699731054041,False,down
WBGene00015396,2,1.0,PFNA,-0.138546969561439,0.877006730991794,False,down
WBGene00019146,2,1.0,PFNA,0.152746290575187,0.877124178763896,False,up
WBGene00013575,2,1.0,PFNA,0.0585523810226443,0.877124178763896,False,up
WBGene00011194,2,0.9666666666666667,PFNA,-0.103711069107513,0.877124178763896,False,down
WBGene00022195,2,1.0,PFNA,0.0538856005444526,0.877514161812373,False,up
WBGene00018735,2,1.0,PFNA,-0.0746567854601136,0.877583783298782,False,down
WBGene00011374,2,1.0,PFNA,-0.0867106395208651,0.877583783298782,False,down
WBGene00010899,2,0.9666666666666667,PFNA,-0.136235049705086,0.877583783298782,False,down
WBGene00004893,2,1.0,PFNA,0.073920953575018,0.877732011809482,False,up
WBGene00016333,2,0.9666666666666667,PFNA,0.0466177033359513,0.877732011809482,False,up
WBGene00001362,2,0.6,PFNA,0.120632474362639,0.878015906635618,False,up
WBGene00044651,2,1.0,PFNA,0.0700803884658028,0.878015906635618,False,up
WBGene00016654,2,0.9666666666666667,PFNA,0.0639393762288403,0.878015906635618,False,up
WBGene00002845,2,1.0,PFNA,0.0424933682290531,0.878015906635618,False,up
WBGene00000230,2,0.9666666666666667,PFNA,-0.041272787327464,0.878015906635618,False,down
WBGene00004306,2,1.0,PFNA,-0.0490585416198768,0.878015906635618,False,down
WBGene00000269,2,0.9333333333333333,PFNA,-0.0494494945942625,0.878015906635618,False,down
WBGene00015755,2,1.0,PFNA,-0.0703618072843495,0.878015906635618,False,down
WBGene00019609,2,1.0,PFNA,-0.0768105341331954,0.878015906635618,False,down
WBGene00015138,2,0.9333333333333333,PFNA,-0.0798759213404119,0.878015906635618,False,down
WBGene00194680,2,1.0,PFNA,-0.148359909584721,0.878015906635618,False,down
WBGene00016659,2,1.0,PFNA,-0.181308442379213,0.878015906635618,False,down
WBGene00010442,2,0.8666666666666667,PFNA,-0.233620340737579,0.878094119988949,False,down
WBGene00013347,2,1.0,PFNA,-0.0626578138718415,0.878876740956769,False,down
WBGene00020139,2,1.0,PFNA,-0.197169082057331,0.879701379602901,False,down
WBGene00000815,2,0.9333333333333333,PFNA,-0.0517334239244555,0.88021431781856,False,down
WBGene00011768,2,0.9666666666666667,PFNA,-0.117733563632297,0.88021431781856,False,down
WBGene00004776,2,0.9666666666666667,PFNA,0.0700428643228993,0.880567229359757,False,up
WBGene00006383,2,1.0,PFNA,0.0503276137101095,0.880931933820683,False,up
WBGene00020230,2,1.0,PFNA,-0.0607725882342325,0.880931933820683,False,down
WBGene00017567,2,1.0,PFNA,0.351825860696541,0.881078773873525,False,up
WBGene00014137,2,0.9333333333333333,PFNA,0.0960393241083358,0.881078773873525,False,up
WBGene00008398,2,1.0,PFNA,0.0670297275985961,0.881078773873525,False,up
WBGene00009306,2,0.6333333333333333,PFNA,-0.0509299918217358,0.881078773873525,False,down
WBGene00006519,2,0.9666666666666667,PFNA,-0.0539404105193744,0.881078773873525,False,down
WBGene00009915,2,0.9666666666666667,PFNA,-0.0607400053659041,0.881078773873525,False,down
WBGene00018488,2,1.0,PFNA,-0.088005800066183,0.881078773873525,False,down
WBGene00021321,2,0.9666666666666667,PFNA,-0.119671513345072,0.881078773873525,False,down
WBGene00001579,2,1.0,PFNA,0.0553802547237532,0.881106706061192,False,up
WBGene00015283,2,0.9666666666666667,PFNA,-0.0462017387928015,0.881106706061192,False,down
WBGene00020403,2,0.9666666666666667,PFNA,0.0524638037887115,0.88122764536429,False,up
WBGene00022336,2,1.0,PFNA,-0.049230304653047,0.88122764536429,False,down
WBGene00018218,2,1.0,PFNA,-0.0545913613368989,0.88122764536429,False,down
WBGene00008979,2,0.6,PFNA,-0.0571133339045839,0.88122764536429,False,down
WBGene00015450,2,1.0,PFNA,-0.0625007901507978,0.88122764536429,False,down
WBGene00010325,2,1.0,PFNA,-0.0724476487864108,0.88122764536429,False,down
WBGene00007242,2,1.0,PFNA,-0.0796831040977288,0.88122764536429,False,down
WBGene00017101,2,1.0,PFNA,-0.0922318813280446,0.88122764536429,False,down
WBGene00010204,2,1.0,PFNA,0.109505540134942,0.882906120156769,False,up
WBGene00022448,2,1.0,PFNA,0.0831648429026431,0.882906120156769,False,up
WBGene00006788,2,1.0,PFNA,0.0594991377504997,0.882906120156769,False,up
WBGene00013167,2,0.9333333333333333,PFNA,0.0575406851079858,0.882906120156769,False,up
WBGene00008219,2,0.9666666666666667,PFNA,-0.0540878018479865,0.882906120156769,False,down
WBGene00006773,2,1.0,PFNA,-0.0596337212184838,0.882906120156769,False,down
WBGene00000846,2,1.0,PFNA,-0.0611874778274812,0.882906120156769,False,down
WBGene00007275,2,1.0,PFNA,-0.118412273062359,0.882906120156769,False,down
WBGene00018423,2,1.0,PFNA,-0.126231768820524,0.882906120156769,False,down
WBGene00271715,2,1.0,PFNA,-0.145490895214892,0.882906120156769,False,down
WBGene00004470,2,1.0,PFNA,-0.0473981739232178,0.882982403910994,False,down
WBGene00003169,2,1.0,PFNA,-0.0728043355342383,0.883301932153431,False,down
WBGene00000246,2,1.0,PFNA,0.0921438053446411,0.883546172151886,False,up
WBGene00044008,2,0.7,PFNA,-0.0617208124333561,0.883956141519084,False,down
WBGene00014119,2,1.0,PFNA,-0.0713171545434403,0.883956141519084,False,down
WBGene00010657,2,0.9666666666666667,PFNA,-0.163098120622812,0.883956141519084,False,down
WBGene00003941,2,1.0,PFNA,0.0574170853748673,0.884164722075769,False,up
WBGene00007918,2,1.0,PFNA,-0.0562044953625805,0.884164722075769,False,down
WBGene00001856,2,1.0,PFNA,-0.118124646714242,0.884199679863423,False,down
WBGene00019771,2,1.0,PFNA,0.0579780095785856,0.884716932993041,False,up
WBGene00004130,2,1.0,PFNA,0.0577465390612507,0.884716932993041,False,up
WBGene00008729,2,1.0,PFNA,-0.0412974082549097,0.884716932993041,False,down
WBGene00009187,2,1.0,PFNA,-0.0588183343215557,0.884716932993041,False,down
WBGene00002059,2,0.9333333333333333,PFNA,-0.058862116546501,0.884716932993041,False,down
WBGene00009668,2,0.9333333333333333,PFNA,-0.0714916893726276,0.884716932993041,False,down
WBGene00004178,2,1.0,PFNA,-0.0870822329357154,0.884716932993041,False,down
WBGene00017916,2,1.0,PFNA,-0.0925905766471138,0.884716932993041,False,down
WBGene00018624,2,0.9666666666666667,PFNA,0.156158613366234,0.884993210580657,False,up
WBGene00021539,2,1.0,PFNA,0.0453753260018673,0.884993210580657,False,up
WBGene00011280,2,1.0,PFNA,-0.062379218642573,0.884993210580657,False,down
WBGene00005002,2,1.0,PFNA,-0.198367354165078,0.884993210580657,False,down
WBGene00001662,2,1.0,PFNA,0.0354860544074372,0.885218295839582,False,up
WBGene00010002,2,1.0,PFNA,-0.0612181071777974,0.885481742523857,False,down
WBGene00019295,2,1.0,PFNA,0.063783273742279,0.885681206689306,False,up
WBGene00015789,2,1.0,PFNA,0.0790236386766096,0.885857929378285,False,up
WBGene00000994,2,1.0,PFNA,-0.0779152923884994,0.885918443521755,False,down
WBGene00000920,2,1.0,PFNA,-0.0799788462431684,0.885918443521755,False,down
WBGene00011108,2,0.9333333333333333,PFNA,-0.0922762879199285,0.885918443521755,False,down
WBGene00003059,2,1.0,PFNA,-0.0792564408669773,0.88620219958749,False,down
WBGene00016871,2,1.0,PFNA,-0.0491062280409835,0.886280945984898,False,down
WBGene00007750,2,1.0,PFNA,-0.0534842138479711,0.886818352563676,False,down
WBGene00003959,2,0.5333333333333333,PFNA,0.103863004384775,0.887500524034049,False,up
WBGene00004732,2,0.6666666666666666,PFNA,0.0366008782246059,0.887500524034049,False,up
WBGene00011273,2,1.0,PFNA,-0.0401766013451303,0.887500524034049,False,down
WBGene00000889,2,1.0,PFNA,-0.04250123670583,0.887500524034049,False,down
WBGene00001503,2,1.0,PFNA,-0.0469732557270584,0.887500524034049,False,down
WBGene00011338,2,1.0,PFNA,-0.0475831498021468,0.887500524034049,False,down
WBGene00007129,2,0.5666666666666667,PFNA,-0.0515555753601797,0.887500524034049,False,down
WBGene00021935,2,0.7,PFNA,-0.0611860433080728,0.887500524034049,False,down
WBGene00003001,2,0.9,PFNA,-0.0807679878574151,0.887500524034049,False,down
WBGene00010304,2,0.9666666666666667,PFNA,-0.0823769573301966,0.887500524034049,False,down
WBGene00010109,2,1.0,PFNA,-0.0899434599924396,0.887500524034049,False,down
WBGene00020396,2,1.0,PFNA,-0.127669390413891,0.887500524034049,False,down
WBGene00003968,2,0.5666666666666667,PFNA,-0.230078338932916,0.887500524034049,False,down
WBGene00010542,2,1.0,PFNA,-0.198531865087099,0.887550391922792,False,down
WBGene00018640,2,1.0,PFNA,-0.302056646898501,0.887550391922792,False,down
WBGene00011143,2,0.9666666666666667,PFNA,0.0601720885832925,0.887650891500188,False,up
WBGene00004256,2,1.0,PFNA,0.0709199354454462,0.889715568336469,False,up
WBGene00016325,2,0.9,PFNA,0.0817688558572575,0.889991413292324,False,up
WBGene00020284,2,1.0,PFNA,0.0631462364172823,0.889991413292324,False,up
WBGene00018407,2,1.0,PFNA,0.0607509598770757,0.889991413292324,False,up
WBGene00044989,2,1.0,PFNA,0.0395690754902885,0.889991413292324,False,up
WBGene00014204,2,1.0,PFNA,-0.0313765541663831,0.889991413292324,False,down
WBGene00011195,2,1.0,PFNA,-0.0483819998412202,0.889991413292324,False,down
WBGene00001132,2,1.0,PFNA,-0.0497038555827658,0.889991413292324,False,down
WBGene00007966,2,1.0,PFNA,-0.0753254258307561,0.889991413292324,False,down
WBGene00006974,2,1.0,PFNA,-0.0784453809740532,0.889991413292324,False,down
WBGene00012935,2,1.0,PFNA,-0.10522814666109,0.889991413292324,False,down
WBGene00012608,2,1.0,PFNA,-0.133961353985565,0.889991413292324,False,down
WBGene00018397,2,0.9,PFNA,-0.194369008832716,0.889991413292324,False,down
WBGene00002162,2,0.9666666666666667,PFNA,-0.0338546914772108,0.890218998592842,False,down
WBGene00000818,2,1.0,PFNA,-0.0447583266804258,0.890437326232778,False,down
WBGene00007698,2,1.0,PFNA,-0.0518952611362418,0.890437326232778,False,down
WBGene00011742,2,1.0,PFNA,-0.0519644974217912,0.890437326232778,False,down
WBGene00008451,2,0.9666666666666667,PFNA,-0.0943040245678425,0.890437326232778,False,down
WBGene00045276,2,1.0,PFNA,0.287290487329944,0.890851629054992,False,up
WBGene00001468,2,1.0,PFNA,0.125681547130586,0.890851629054992,False,up
WBGene00003927,2,1.0,PFNA,0.0620100425933972,0.890851629054992,False,up
WBGene00019221,2,1.0,PFNA,0.0603693076820299,0.890851629054992,False,up
WBGene00015177,2,0.9666666666666667,PFNA,0.0555720429779559,0.890851629054992,False,up
WBGene00016143,2,1.0,PFNA,0.0530852937346013,0.890851629054992,False,up
WBGene00004439,2,1.0,PFNA,0.0507754741085686,0.890851629054992,False,up
WBGene00020038,2,1.0,PFNA,0.0422954587891363,0.890851629054992,False,up
WBGene00018638,2,1.0,PFNA,0.0402826031742801,0.890851629054992,False,up
WBGene00018395,2,1.0,PFNA,-0.0287055068077806,0.890851629054992,False,down
WBGene00008165,2,1.0,PFNA,-0.0419129724561261,0.890851629054992,False,down
WBGene00021377,2,1.0,PFNA,-0.0479708329857028,0.890851629054992,False,down
WBGene00016710,2,0.9333333333333333,PFNA,-0.055368953805272,0.890851629054992,False,down
WBGene00006824,2,1.0,PFNA,-0.0584238356093833,0.890851629054992,False,down
WBGene00010044,2,1.0,PFNA,-0.0642763930667177,0.890851629054992,False,down
WBGene00012712,2,0.9666666666666667,PFNA,-0.0667758868810745,0.890851629054992,False,down
WBGene00012811,2,1.0,PFNA,-0.0788467183867866,0.890851629054992,False,down
WBGene00010638,2,0.9,PFNA,-0.0789026290607593,0.890851629054992,False,down
WBGene00022803,2,1.0,PFNA,-0.0826834737732678,0.890851629054992,False,down
WBGene00015150,2,1.0,PFNA,-0.0927700586984346,0.890851629054992,False,down
WBGene00011524,2,0.9666666666666667,PFNA,-0.103304153696184,0.890851629054992,False,down
WBGene00015706,2,1.0,PFNA,-0.114858432594762,0.890851629054992,False,down
WBGene00013968,2,0.9666666666666667,PFNA,-0.169404081376659,0.890851629054992,False,down
WBGene00016797,2,0.9666666666666667,PFNA,-0.212685250184947,0.890851629054992,False,down
WBGene00007949,2,0.8,PFNA,-0.276443932871913,0.890851629054992,False,down
WBGene00014132,2,0.9,PFNA,0.267602463855741,0.891883683506298,False,up
WBGene00015975,2,1.0,PFNA,0.0762118036060638,0.891883683506298,False,up
WBGene00010055,2,1.0,PFNA,0.0740564330191558,0.891883683506298,False,up
WBGene00022702,2,1.0,PFNA,0.0663720861758455,0.891883683506298,False,up
WBGene00021421,2,1.0,PFNA,0.0509861854814905,0.891883683506298,False,up
WBGene00003793,2,1.0,PFNA,0.0383191991073495,0.891883683506298,False,up
WBGene00022499,2,1.0,PFNA,-0.0447677769873065,0.891883683506298,False,down
WBGene00020838,2,1.0,PFNA,-0.0487480399589225,0.891883683506298,False,down
WBGene00000205,2,0.9666666666666667,PFNA,-0.0566328414947659,0.891883683506298,False,down
WBGene00001838,2,0.9666666666666667,PFNA,-0.057389344736033,0.891883683506298,False,down
WBGene00001404,2,1.0,PFNA,-0.0613055022380852,0.891883683506298,False,down
WBGene00022378,2,1.0,PFNA,-0.0753891417321738,0.891883683506298,False,down
WBGene00044924,2,0.9666666666666667,PFNA,-0.086885025699807,0.891883683506298,False,down
WBGene00013755,2,1.0,PFNA,-0.0945441152469355,0.891883683506298,False,down
WBGene00000173,2,1.0,PFNA,-0.183125904935506,0.891883683506298,False,down
WBGene00016152,2,0.9666666666666667,PFNA,-0.203017637129007,0.891883683506298,False,down
WBGene00020633,2,1.0,PFNA,0.0556599017266727,0.89197832319707,False,up
WBGene00009064,2,1.0,PFNA,0.039257993495866,0.89234547223869,False,up
WBGene00022100,2,1.0,PFNA,0.0497774324323493,0.892520065707879,False,up
WBGene00004377,2,0.7,PFNA,0.046185423948254,0.892520065707879,False,up
WBGene00009454,2,0.9666666666666667,PFNA,-0.0414634322358189,0.892520065707879,False,down
WBGene00003183,2,1.0,PFNA,-0.0500960003035932,0.892520065707879,False,down
WBGene00010564,2,0.7,PFNA,-0.0517429165216377,0.892654981270686,False,down
WBGene00016492,2,1.0,PFNA,0.137275855212739,0.892715455626184,False,up
WBGene00013591,2,0.6666666666666666,PFNA,0.0751201841623517,0.892715455626184,False,up
WBGene00022633,2,1.0,PFNA,0.0705031772913343,0.892715455626184,False,up
WBGene00015356,2,1.0,PFNA,-0.0527445740376994,0.892715455626184,False,down
WBGene00013443,2,1.0,PFNA,-0.0852651559071924,0.892715455626184,False,down
WBGene00016601,2,1.0,PFNA,-0.0424775549264108,0.893038385399242,False,down
WBGene00009883,2,1.0,PFNA,-0.0763826841805407,0.893038385399242,False,down
WBGene00021346,2,1.0,PFNA,0.0562963485112412,0.893409650406522,False,up
WBGene00010975,2,0.8666666666666667,PFNA,0.050252233242449,0.893409650406522,False,up
WBGene00077679,2,0.9666666666666667,PFNA,0.185477977072272,0.893526542191423,False,up
WBGene00012952,2,1.0,PFNA,0.152390250996281,0.893526542191423,False,up
WBGene00009370,2,0.9666666666666667,PFNA,0.095696394780754,0.893526542191423,False,up
WBGene00007922,2,1.0,PFNA,0.051540023495389,0.893526542191423,False,up
WBGene00018520,2,0.9666666666666667,PFNA,-0.0384682534924324,0.893560350875172,False,down
WBGene00019823,2,0.9,PFNA,0.08278862642847,0.894127693693452,False,up
WBGene00002105,2,0.9666666666666667,PFNA,-0.13890663966294,0.894127693693452,False,down
WBGene00019163,2,0.7666666666666667,PFNA,-0.0450114886979712,0.895204010081798,False,down
WBGene00009161,2,0.9666666666666667,PFNA,-0.0487100871794009,0.895204010081798,False,down
WBGene00011162,2,1.0,PFNA,-0.127434637656558,0.895350386265461,False,down
WBGene00014230,2,1.0,PFNA,-0.0540600935883726,0.89597193554926,False,down
WBGene00001745,2,0.9666666666666667,PFNA,0.0523684014182301,0.896019253823126,False,up
WBGene00018154,2,1.0,PFNA,-0.0436561824267049,0.896019253823126,False,down
WBGene00012994,2,1.0,PFNA,-0.0444260954001834,0.896019253823126,False,down
WBGene00006704,2,1.0,PFNA,-0.0477662986543544,0.896019253823126,False,down
WBGene00009744,2,1.0,PFNA,-0.0526115791893228,0.896019253823126,False,down
WBGene00020921,2,1.0,PFNA,-0.054436307152553,0.896019253823126,False,down
WBGene00011368,2,1.0,PFNA,-0.0644645663185432,0.896019253823126,False,down
WBGene00001843,2,1.0,PFNA,-0.0759552774198362,0.896019253823126,False,down
WBGene00015810,2,1.0,PFNA,-0.0435740616893162,0.896629979485546,False,down
WBGene00019977,2,1.0,PFNA,-0.154049958709275,0.897026341733856,False,down
WBGene00022213,2,1.0,PFNA,-0.185621950377231,0.897026341733856,False,down
WBGene00009007,2,1.0,PFNA,-0.0545058890064732,0.897060430169943,False,down
WBGene00007483,2,1.0,PFNA,0.122641188768161,0.897393163402675,False,up
WBGene00008281,2,1.0,PFNA,-0.0696353845964239,0.897393163402675,False,down
WBGene00004143,2,0.9666666666666667,PFNA,-0.0483228098110861,0.898395997987152,False,down
WBGene00004167,2,1.0,PFNA,0.0312952590080361,0.898638823649534,False,up
WBGene00000523,2,0.9666666666666667,PFNA,0.076659801659222,0.898893757937047,False,up
WBGene00003022,2,1.0,PFNA,-0.0615241447475753,0.898936258957736,False,down
WBGene00012867,2,1.0,PFNA,0.0496308939094389,0.899313404149214,False,up
WBGene00002297,2,1.0,PFNA,-0.0713273584192027,0.899313404149214,False,down
WBGene00019111,2,1.0,PFNA,-0.100690461428774,0.899313404149214,False,down
WBGene00003614,2,0.9666666666666667,PFNA,0.0648836736331227,0.899672490794637,False,up
WBGene00004058,2,1.0,PFNA,-0.0580860819287186,0.899672490794637,False,down
WBGene00020883,2,1.0,PFNA,-0.0729580592415096,0.89976639983426,False,down
WBGene00006433,2,1.0,PFNA,-0.0338991372461537,0.90019766196881,False,down
WBGene00015928,2,1.0,PFNA,-0.0382168477946817,0.900232119339145,False,down
WBGene00006595,2,1.0,PFNA,-0.0483738289632545,0.900949853203873,False,down
WBGene00000507,2,0.9666666666666667,PFNA,-0.0621067696252963,0.900949853203873,False,down
WBGene00020054,2,1.0,PFNA,-0.0702720986899483,0.900949853203873,False,down
WBGene00007836,2,1.0,PFNA,0.0970938418856348,0.901304601046586,False,up
WBGene00020765,2,1.0,PFNA,0.0630952902811192,0.901304601046586,False,up
WBGene00013021,2,1.0,PFNA,0.053829461007993,0.901304601046586,False,up
WBGene00001820,2,0.9666666666666667,PFNA,-0.11692896840959,0.902323497498526,False,down
WBGene00004824,2,0.9333333333333333,PFNA,-0.0498079699196643,0.902885172487214,False,down
WBGene00017500,2,0.9666666666666667,PFNA,0.205345477546626,0.90318971967113,False,up
WBGene00010759,2,1.0,PFNA,0.222194576751555,0.903591266759254,False,up
WBGene00004426,2,1.0,PFNA,0.0390028771308259,0.903591266759254,False,up
WBGene00000813,2,1.0,PFNA,-0.0385181158188036,0.903591266759254,False,down
WBGene00003924,2,0.6666666666666666,PFNA,-0.0480468506480106,0.903591266759254,False,down
WBGene00045455,2,0.9333333333333333,PFNA,-0.093651582492437,0.903591266759254,False,down
WBGene00016996,2,0.6,PFNA,-0.128739837225451,0.903591266759254,False,down
WBGene00021514,2,1.0,PFNA,-0.08468391709107,0.903648338034198,False,down
WBGene00019869,2,1.0,PFNA,-0.0675895373963268,0.903725201160071,False,down
WBGene00017490,2,1.0,PFNA,0.202991982332614,0.903732171652321,False,up
WBGene00001682,2,1.0,PFNA,-0.04446452191145,0.904210294942272,False,down
WBGene00000733,2,0.9333333333333333,PFNA,0.204274566484068,0.904529018609519,False,up
WBGene00000739,2,1.0,PFNA,0.0993696591445809,0.904529018609519,False,up
WBGene00000142,2,1.0,PFNA,0.0458900600851941,0.904529018609519,False,up
WBGene00015922,2,0.9666666666666667,PFNA,0.0455979333844812,0.904529018609519,False,up
WBGene00010908,2,0.8666666666666667,PFNA,0.0351533549349635,0.904529018609519,False,up
WBGene00009661,2,0.9,PFNA,-0.0330252375558014,0.904529018609519,False,down
WBGene00007413,2,1.0,PFNA,-0.0443364500877199,0.904529018609519,False,down
WBGene00009688,2,1.0,PFNA,-0.0447009726873909,0.904529018609519,False,down
WBGene00012951,2,1.0,PFNA,-0.0491659402850774,0.904529018609519,False,down
WBGene00006365,2,0.9666666666666667,PFNA,-0.055135037623581,0.904529018609519,False,down
WBGene00009058,2,1.0,PFNA,-0.0557617114197942,0.904529018609519,False,down
WBGene00020516,2,1.0,PFNA,-0.0681600378777085,0.904529018609519,False,down
WBGene00011892,2,0.9,PFNA,-0.0737970630108876,0.904529018609519,False,down
WBGene00006726,2,1.0,PFNA,-0.0795888633043644,0.904529018609519,False,down
WBGene00014078,2,0.9666666666666667,PFNA,-0.051602792072453,0.905158610572608,False,down
WBGene00010476,2,0.9666666666666667,PFNA,-0.050063443042708,0.905165323907008,False,down
WBGene00000937,2,1.0,PFNA,-0.05044004092866,0.905165323907008,False,down
WBGene00001713,2,0.9666666666666667,PFNA,0.0797384557380674,0.905306968518881,False,up
WBGene00195084,2,1.0,PFNA,-0.135993529255457,0.905306968518881,False,down
WBGene00007702,2,0.9666666666666667,PFNA,0.0868089498083287,0.90532806190815,False,up
WBGene00016282,2,1.0,PFNA,0.077552684775122,0.90532806190815,False,up
WBGene00022054,2,1.0,PFNA,0.0753382662209887,0.90532806190815,False,up
WBGene00019769,2,0.9666666666666667,PFNA,0.0697502777820569,0.90532806190815,False,up
WBGene00013139,2,0.5333333333333333,PFNA,0.0527196244887409,0.90532806190815,False,up
WBGene00016418,2,1.0,PFNA,0.051254628801112,0.90532806190815,False,up
WBGene00021415,2,1.0,PFNA,0.0443629202523976,0.90532806190815,False,up
WBGene00020517,2,0.9666666666666667,PFNA,0.0398680614900792,0.90532806190815,False,up
WBGene00004800,2,1.0,PFNA,-0.0312535157442659,0.90532806190815,False,down
WBGene00001088,2,0.8666666666666667,PFNA,-0.0465917459734741,0.90532806190815,False,down
WBGene00010491,2,0.9666666666666667,PFNA,-0.0685013278495755,0.90532806190815,False,down
WBGene00001590,2,1.0,PFNA,-0.0790917529555706,0.90532806190815,False,down
WBGene00006620,2,0.6,PFNA,-0.117620118233076,0.90532806190815,False,down
WBGene00020064,2,0.5666666666666667,PFNA,-0.156429244459689,0.906018583058491,False,down
WBGene00002074,2,0.9666666666666667,PFNA,0.0386786584073872,0.906603038389581,False,up
WBGene00008488,2,1.0,PFNA,-0.0985487304965137,0.906603038389581,False,down
WBGene00017416,2,1.0,PFNA,-0.12147124187924,0.906603038389581,False,down
WBGene00015466,2,1.0,PFNA,-0.0588777552773601,0.906649714432532,False,down
WBGene00016423,2,1.0,PFNA,-0.0790456045063863,0.906674344284411,False,down
WBGene00010758,2,0.9333333333333333,PFNA,-0.0604329405321348,0.907533511046845,False,down
WBGene00011047,2,1.0,PFNA,-0.0547155330160564,0.908122718692157,False,down
WBGene00000835,2,0.9666666666666667,PFNA,-0.0833141642408377,0.90856350544837,False,down
WBGene00017301,2,0.7,PFNA,-0.11459041311127,0.90856350544837,False,down
WBGene00009884,2,0.9333333333333333,PFNA,0.107736429152981,0.908664974095089,False,up
WBGene00019213,2,0.8666666666666667,PFNA,0.086246939362695,0.908664974095089,False,up
WBGene00016750,2,0.9333333333333333,PFNA,0.0471537150099177,0.908664974095089,False,up
WBGene00000843,2,1.0,PFNA,0.0411734815579709,0.908664974095089,False,up
WBGene00006796,2,1.0,PFNA,0.036619182611401,0.908664974095089,False,up
WBGene00019121,2,1.0,PFNA,0.036156080291267,0.908664974095089,False,up
WBGene00010199,2,1.0,PFNA,0.0347420296169823,0.908664974095089,False,up
WBGene00008480,2,1.0,PFNA,0.0317891829739441,0.908664974095089,False,up
WBGene00004473,2,1.0,PFNA,0.0307938368493209,0.908664974095089,False,up
WBGene00001516,2,0.9333333333333333,PFNA,0.0285645550178797,0.908664974095089,False,up
WBGene00010500,2,1.0,PFNA,-0.0353138655089332,0.908664974095089,False,down
WBGene00012768,2,0.9666666666666667,PFNA,-0.0391643755461377,0.908664974095089,False,down
WBGene00000263,2,1.0,PFNA,-0.0417013523117783,0.908664974095089,False,down
WBGene00020933,2,1.0,PFNA,-0.0417448059640938,0.908664974095089,False,down
WBGene00007106,2,0.6,PFNA,-0.0548103104711982,0.908664974095089,False,down
WBGene00015609,2,1.0,PFNA,-0.054916972003996,0.908664974095089,False,down
WBGene00009461,2,0.9666666666666667,PFNA,-0.0577988185556078,0.908664974095089,False,down
WBGene00020189,2,1.0,PFNA,-0.0604248948950575,0.908664974095089,False,down
WBGene00017358,2,1.0,PFNA,-0.112076507874443,0.908664974095089,False,down
WBGene00008687,2,0.9666666666666667,PFNA,0.054213725159229,0.90890795762038,False,up
WBGene00006414,2,1.0,PFNA,-0.0343020928727558,0.909421729398832,False,down
WBGene00018142,2,0.9666666666666667,PFNA,-0.144023845775222,0.909847009708699,False,down
WBGene00000249,2,1.0,PFNA,0.046842907446209,0.909847016653041,False,up
WBGene00001239,2,0.9333333333333333,PFNA,-0.0404060360111753,0.909847016653041,False,down
WBGene00001018,2,1.0,PFNA,-0.0381227828564033,0.910201368425068,False,down
WBGene00001338,2,0.9666666666666667,PFNA,-0.0446073612199666,0.910314205294311,False,down
WBGene00302986,2,0.9666666666666667,PFNA,0.138697397027536,0.910393334566599,False,up
WBGene00012258,2,0.9666666666666667,PFNA,-0.0317649905797188,0.910393334566599,False,down
WBGene00009052,2,1.0,PFNA,-0.0374698601484031,0.910393334566599,False,down
WBGene00002252,2,1.0,PFNA,-0.0525319503921577,0.910393334566599,False,down
WBGene00019943,2,0.9666666666666667,PFNA,-0.0485676238918193,0.910407937314351,False,down
WBGene00011717,2,1.0,PFNA,0.0402849700354141,0.910685206196362,False,up
WBGene00008688,2,1.0,PFNA,-0.0642235698746887,0.910685206196362,False,down
WBGene00012464,2,1.0,PFNA,0.0723604147976469,0.910710115053327,False,up
WBGene00014106,2,0.9666666666666667,PFNA,0.0845056480280557,0.910841721560553,False,up
WBGene00017082,2,0.9666666666666667,PFNA,0.0591154671249266,0.911499368552412,False,up
WBGene00002262,2,1.0,PFNA,0.0637946673182548,0.911633313262715,False,up
WBGene00002023,2,1.0,PFNA,-0.037689204862714,0.912333740797065,False,down
WBGene00005019,2,0.9666666666666667,PFNA,-0.0393302582320611,0.912333740797065,False,down
WBGene00009307,2,1.0,PFNA,-0.0286080228508033,0.912618183093147,False,down
WBGene00009008,2,1.0,PFNA,-0.0624118708904359,0.912618183093147,False,down
WBGene00017449,2,0.9333333333333333,PFNA,-0.0734629362716809,0.912618183093147,False,down
WBGene00010333,2,1.0,PFNA,-0.0399086930085049,0.912724375014615,False,down
WBGene00009011,2,1.0,PFNA,-0.0472684242691522,0.912724375014615,False,down
WBGene00016542,2,0.8,PFNA,-0.0478917059306187,0.912724375014615,False,down
WBGene00021109,2,0.9666666666666667,PFNA,0.102607306554553,0.913277059832322,False,up
WBGene00000204,2,0.8666666666666667,PFNA,-0.0341113608973366,0.914588070721008,False,down
WBGene00004927,2,1.0,PFNA,0.0423802941325069,0.915145414006951,False,up
WBGene00011164,2,1.0,PFNA,-0.12451471865743,0.915145414006951,False,down
WBGene00004223,2,1.0,PFNA,-0.144141733242349,0.915145414006951,False,down
WBGene00006443,2,0.9666666666666667,PFNA,0.0375412591914322,0.91575659666974,False,up
WBGene00003592,2,1.0,PFNA,0.0394086381995128,0.916217653423007,False,up
WBGene00018719,2,1.0,PFNA,-0.0572182911989464,0.916389930914629,False,down
WBGene00017246,2,1.0,PFNA,0.092539215718563,0.916465515735841,False,up
WBGene00020970,2,0.9666666666666667,PFNA,-0.0352910554163064,0.91682128448929,False,down
WBGene00006353,2,0.9333333333333333,PFNA,-0.0455175435904905,0.91682128448929,False,down
WBGene00009531,2,1.0,PFNA,-0.0490630791399853,0.91719336169282,False,down
WBGene00021870,2,1.0,PFNA,-0.0899721179183427,0.917499533251816,False,down
WBGene00015137,2,1.0,PFNA,-0.0440811567389009,0.918108976905684,False,down
WBGene00007019,2,1.0,PFNA,-0.0545679400270406,0.918108976905684,False,down
WBGene00019435,2,0.9666666666666667,PFNA,-0.0567298654547534,0.918108976905684,False,down
WBGene00022704,2,0.9,PFNA,-0.0611815015686211,0.918108976905684,False,down
WBGene00014003,2,0.9666666666666667,PFNA,-0.129430337440069,0.918108976905684,False,down
WBGene00018599,2,1.0,PFNA,-0.0355277587719045,0.918565203835045,False,down
WBGene00017000,2,1.0,PFNA,-0.101718164697484,0.918565203835045,False,down
WBGene00007100,2,1.0,PFNA,-0.0428578802803378,0.918600670240151,False,down
WBGene00001485,2,1.0,PFNA,-0.0420896911703671,0.918640460411908,False,down
WBGene00000837,2,0.9666666666666667,PFNA,0.0241812908803373,0.918787838534034,False,up
WBGene00010726,2,0.9333333333333333,PFNA,-0.0401058776256517,0.918948892215084,False,down
WBGene00018714,2,0.9666666666666667,PFNA,-0.0420780796035472,0.918978292071627,False,down
WBGene00021736,2,1.0,PFNA,-0.0550471987417235,0.919623219358158,False,down
WBGene00000743,2,0.9,PFNA,0.0858943867616557,0.91992403609719,False,up
WBGene00009958,2,1.0,PFNA,0.0439903939625871,0.91992403609719,False,up
WBGene00004478,2,1.0,PFNA,0.0370902846264173,0.91992403609719,False,up
WBGene00008316,2,1.0,PFNA,0.0935304992509719,0.920437169008046,False,up
WBGene00010814,2,0.8333333333333334,PFNA,0.0568517756159404,0.920920819634696,False,up
WBGene00003220,2,1.0,PFNA,-0.035887966070647,0.920920819634696,False,down
WBGene00019227,2,1.0,PFNA,0.0685205274552061,0.921330293949233,False,up
WBGene00017982,2,1.0,PFNA,-0.0712370797836122,0.921330293949233,False,down
WBGene00012730,2,1.0,PFNA,-0.0298480717265301,0.921498381131936,False,down
WBGene00006062,2,1.0,PFNA,-0.04698540100153,0.921787821197768,False,down
WBGene00003572,2,1.0,PFNA,0.0600335744231195,0.923240926969504,False,up
WBGene00018974,2,1.0,PFNA,0.0334667543284452,0.923478101744842,False,up
WBGene00008151,2,0.5666666666666667,PFNA,-0.0439545290968568,0.923478101744842,False,down
WBGene00001993,2,0.9666666666666667,PFNA,0.0671619625347325,0.923500787962091,False,up
WBGene00002089,2,1.0,PFNA,0.0899846293307505,0.924055032224921,False,up
WBGene00003025,2,1.0,PFNA,-0.034083894941864,0.924055032224921,False,down
WBGene00016069,2,1.0,PFNA,-0.0958122097735727,0.924055032224921,False,down
WBGene00021519,2,0.9666666666666667,PFNA,-0.114279656984181,0.924055032224921,False,down
WBGene00018782,2,0.9666666666666667,PFNA,0.0287958363618239,0.924352104736923,False,up
WBGene00019503,2,1.0,PFNA,-0.0463826061942117,0.924352104736923,False,down
WBGene00000071,2,1.0,PFNA,0.0570291638107268,0.92435932389332,False,up
WBGene00017161,2,1.0,PFNA,0.0326443468570877,0.92435932389332,False,up
WBGene00001653,2,1.0,PFNA,-0.0334441701698173,0.92435932389332,False,down
WBGene00006503,2,0.9666666666666667,PFNA,-0.03814490958221,0.92435932389332,False,down
WBGene00006963,2,0.9666666666666667,PFNA,-0.0426667200103368,0.92435932389332,False,down
WBGene00012365,2,1.0,PFNA,-0.0516338649569145,0.92435932389332,False,down
WBGene00017073,2,1.0,PFNA,-0.109076532448761,0.92435932389332,False,down
WBGene00001155,2,1.0,PFNA,-0.114016191258457,0.924499614598907,False,down
WBGene00010842,2,0.9333333333333333,PFNA,0.0292534264453505,0.924507650875218,False,up
WBGene00016590,2,1.0,PFNA,-0.108414392219367,0.924507650875218,False,down
WBGene00044094,2,1.0,PFNA,0.0407768445416701,0.924769338395453,False,up
WBGene00014123,2,0.9666666666666667,PFNA,-0.0407283037927447,0.924769338395453,False,down
WBGene00011589,2,1.0,PFNA,-0.0450835716819513,0.924769338395453,False,down
WBGene00009514,2,1.0,PFNA,-0.0515923373668192,0.924769338395453,False,down
WBGene00011914,2,0.9666666666666667,PFNA,-0.0558845111068254,0.924840981027448,False,down
WBGene00009218,2,0.9333333333333333,PFNA,-0.0491448255264649,0.925154717126242,False,down
WBGene00001093,2,1.0,PFNA,-0.0267891804964081,0.925816564406461,False,down
WBGene00013188,2,0.7,PFNA,-0.0544949432293235,0.925940626696517,False,down
WBGene00009113,2,1.0,PFNA,-0.0622759687791782,0.926948150914501,False,down
WBGene00019914,2,0.9333333333333333,PFNA,-0.0549294696087053,0.9269724892203,False,down
WBGene00020379,2,1.0,PFNA,0.0486595371670861,0.927048778049262,False,up
WBGene00012188,2,1.0,PFNA,-0.0459845670418718,0.927139385493808,False,down
WBGene00017767,2,1.0,PFNA,0.110018003367352,0.927459270538479,False,up
WBGene00000164,2,1.0,PFNA,0.0395654944242993,0.928146884526677,False,up
WBGene00018361,2,1.0,PFNA,-0.0381820494276828,0.928146884526677,False,down
WBGene00000207,2,1.0,PFNA,-0.0222289895201651,0.928859282598911,False,down
WBGene00015492,2,1.0,PFNA,-0.0393459254128918,0.928859282598911,False,down
WBGene00018193,2,0.9666666666666667,PFNA,0.04431795431054,0.928890821411453,False,up
WBGene00001980,2,1.0,PFNA,0.0300844543888717,0.928890821411453,False,up
WBGene00004420,2,1.0,PFNA,0.0275884512490468,0.928890821411453,False,up
WBGene00022670,2,0.9666666666666667,PFNA,0.0533145136809774,0.93004047915583,False,up
WBGene00020417,2,1.0,PFNA,-0.0302368823032131,0.930089108046133,False,down
WBGene00012234,2,0.9,PFNA,-0.0362152066496756,0.930301875553319,False,down
WBGene00002783,2,1.0,PFNA,-0.0562460320319181,0.930301875553319,False,down
WBGene00006707,2,0.9333333333333333,PFNA,-0.0406813286340858,0.931558667676345,False,down
WBGene00019061,2,1.0,PFNA,-0.0304635805928769,0.931927935754023,False,down
WBGene00006605,2,0.9666666666666667,PFNA,-0.0244002397312666,0.931980385404574,False,down
WBGene00006516,2,1.0,PFNA,-0.0245977668156571,0.931980385404574,False,down
WBGene00010419,2,1.0,PFNA,-0.0274386883667882,0.932096714785947,False,down
WBGene00012756,2,0.9333333333333333,PFNA,0.0407786742009419,0.93212880305402,False,up
WBGene00010306,2,1.0,PFNA,-0.0394501072021869,0.932588240289548,False,down
WBGene00019631,2,1.0,PFNA,-0.0711281903678969,0.932588240289548,False,down
WBGene00044151,2,1.0,PFNA,-0.178059985282582,0.932588240289548,False,down
WBGene00011180,2,1.0,PFNA,-0.0772282982348811,0.932871389643582,False,down
WBGene00006635,2,0.9666666666666667,PFNA,-0.0336992901506368,0.932877363993708,False,down
WBGene00010459,2,1.0,PFNA,-0.054823585914976,0.932877363993708,False,down
WBGene00006993,2,1.0,PFNA,0.0289490731118769,0.93291266647506,False,up
WBGene00018152,2,1.0,PFNA,0.0557693281797581,0.932961035422663,False,up
WBGene00004046,2,1.0,PFNA,-0.0278428363622604,0.932961035422663,False,down
WBGene00004476,2,1.0,PFNA,0.0280103705605676,0.933054967698906,False,up
WBGene00013677,2,1.0,PFNA,-0.0348164719685078,0.933054967698906,False,down
WBGene00022783,2,1.0,PFNA,-0.121157724574173,0.933388146708392,False,down
WBGene00005010,2,0.8333333333333334,PFNA,0.0327087358240643,0.933568635093628,False,up
WBGene00022170,2,1.0,PFNA,-0.0311150575852726,0.933804599365074,False,down
WBGene00011885,2,0.9333333333333333,PFNA,0.0243485905326127,0.934233833412427,False,up
WBGene00007023,2,0.9666666666666667,PFNA,-0.0308342242415117,0.934233833412427,False,down
WBGene00015389,2,1.0,PFNA,-0.0371024809869719,0.93486648241643,False,down
WBGene00019120,2,1.0,PFNA,0.028396855844963,0.934887064374971,False,up
WBGene00044648,2,1.0,PFNA,0.0581057741639887,0.935135818711513,False,up
WBGene00019122,2,0.9666666666666667,PFNA,0.0671366580254975,0.93574228283794,False,up
WBGene00004298,2,1.0,PFNA,0.0646503970115353,0.93574228283794,False,up
WBGene00020823,2,1.0,PFNA,0.0556617132241127,0.93574228283794,False,up
WBGene00004438,2,0.9333333333333333,PFNA,0.0376646571147341,0.93574228283794,False,up
WBGene00000812,2,1.0,PFNA,0.0277941188704923,0.93574228283794,False,up
WBGene00016258,2,1.0,PFNA,0.0262151738450143,0.93574228283794,False,up
WBGene00004440,2,1.0,PFNA,-0.0347999283188417,0.93574228283794,False,down
WBGene00000539,2,1.0,PFNA,-0.0811104018518279,0.93574228283794,False,down
WBGene00001749,2,1.0,PFNA,-0.089266782450292,0.93574228283794,False,down
WBGene00010205,2,1.0,PFNA,-0.126532402969602,0.93574228283794,False,down
WBGene00022645,2,1.0,PFNA,-0.212368219899028,0.93574228283794,False,down
WBGene00018487,2,1.0,PFNA,-0.0930136987377695,0.935754644968508,False,down
WBGene00000741,2,0.9666666666666667,PFNA,0.0801177713100164,0.935937164341016,False,up
WBGene00001056,2,1.0,PFNA,-0.0346232756651918,0.935966143880058,False,down
WBGene00020049,2,0.9333333333333333,PFNA,0.0544859557757691,0.936822316697486,False,up
WBGene00001836,2,1.0,PFNA,-0.0271957905201603,0.936822316697486,False,down
WBGene00001412,2,1.0,PFNA,-0.032813999717255,0.936822316697486,False,down
WBGene00000496,2,1.0,PFNA,-0.0779643797152141,0.936908991451248,False,down
WBGene00017842,2,1.0,PFNA,0.0702782408096139,0.937152963306991,False,up
WBGene00008776,2,0.9666666666666667,PFNA,0.0621464539395582,0.937152963306991,False,up
WBGene00020471,2,1.0,PFNA,0.0511654142030731,0.937152963306991,False,up
WBGene00019682,2,1.0,PFNA,0.0458798507122288,0.937152963306991,False,up
WBGene00016131,2,0.9333333333333333,PFNA,0.042692352674116,0.937152963306991,False,up
WBGene00016395,2,0.9666666666666667,PFNA,0.0422431242591776,0.937152963306991,False,up
WBGene00007042,2,1.0,PFNA,-0.0271264333981161,0.937152963306991,False,down
WBGene00004855,2,0.9666666666666667,PFNA,-0.0339357381756903,0.937152963306991,False,down
WBGene00001253,2,0.9666666666666667,PFNA,-0.0343652155223754,0.937152963306991,False,down
WBGene00017075,2,0.9333333333333333,PFNA,-0.0349869959975657,0.937152963306991,False,down
WBGene00011637,2,1.0,PFNA,-0.0369842076669328,0.937152963306991,False,down
WBGene00022854,2,1.0,PFNA,-0.0519823843274807,0.937152963306991,False,down
WBGene00020130,2,1.0,PFNA,-0.0643555815022906,0.937152963306991,False,down
WBGene00013433,2,1.0,PFNA,-0.0690244444989422,0.937152963306991,False,down
WBGene00003898,2,1.0,PFNA,0.0274736100567738,0.937156158472559,False,up
WBGene00015708,2,1.0,PFNA,0.121985863949244,0.937783330101556,False,up
WBGene00016380,2,1.0,PFNA,0.048223658311434,0.937896466331327,False,up
WBGene00012943,2,1.0,PFNA,0.0470614208623316,0.937896466331327,False,up
WBGene00000270,2,1.0,PFNA,-0.0540849479809025,0.937896466331327,False,down
WBGene00194642,2,1.0,PFNA,-0.075055888742515,0.937896466331327,False,down
WBGene00010964,2,0.5333333333333333,PFNA,-0.0358712023595714,0.93843339105518,False,down
WBGene00003546,2,1.0,PFNA,0.107063660461094,0.939313382834458,False,up
WBGene00008078,2,1.0,PFNA,-0.0307628879806217,0.939806810387385,False,down
WBGene00015205,2,0.7,PFNA,-0.0573768743608002,0.939806810387385,False,down
WBGene00016027,2,0.9666666666666667,PFNA,-0.0839615666989142,0.939806810387385,False,down
WBGene00011973,2,0.9333333333333333,PFNA,-0.157122067340372,0.939806810387385,False,down
WBGene00022690,2,1.0,PFNA,-0.163246440598658,0.939806810387385,False,down
WBGene00009736,2,0.9666666666666667,PFNA,0.0463189687857053,0.939852286226343,False,up
WBGene00044720,2,1.0,PFNA,0.0357125666370975,0.939852286226343,False,up
WBGene00016021,2,1.0,PFNA,0.0331424827114787,0.939852286226343,False,up
WBGene00016375,2,1.0,PFNA,-0.0439423644879354,0.939852286226343,False,down
WBGene00016011,2,0.8333333333333334,PFNA,-0.0479262423664177,0.939852286226343,False,down
WBGene00006951,2,1.0,PFNA,-0.0466485484620855,0.940342589560191,False,down
WBGene00011422,2,1.0,PFNA,-0.0762499661627004,0.940342589560191,False,down
WBGene00018283,2,1.0,PFNA,-0.12257568488913,0.940518062359479,False,down
WBGene00009739,2,1.0,PFNA,-0.0328002869702783,0.940684975477155,False,down
WBGene00004205,2,0.6,PFNA,0.0332491126080437,0.940713847492939,False,up
WBGene00010776,2,1.0,PFNA,0.0301636561334414,0.940713847492939,False,up
WBGene00017925,2,0.9333333333333333,PFNA,-0.0324635127940421,0.940713847492939,False,down
WBGene00001589,2,0.9333333333333333,PFNA,-0.0248651445393035,0.94075404333822,False,down
WBGene00011115,2,0.8333333333333334,PFNA,-0.0360752995189639,0.940975433660271,False,down
WBGene00020831,2,1.0,PFNA,0.0310151668968793,0.941009769111659,False,up
WBGene00000214,2,1.0,PFNA,0.056028394019739,0.941690646758773,False,up
WBGene00008053,2,1.0,PFNA,0.0423414213092167,0.942049632115115,False,up
WBGene00017011,2,1.0,PFNA,-0.0401532185481532,0.942049632115115,False,down
WBGene00017909,2,1.0,PFNA,-0.0843622785319636,0.942049632115115,False,down
WBGene00011719,2,1.0,PFNA,0.0340915545450664,0.942977550818728,False,up
WBGene00004060,2,1.0,PFNA,-0.0360810343818926,0.942977550818728,False,down
WBGene00004456,2,1.0,PFNA,-0.0584166967415698,0.942977550818728,False,down
WBGene00017796,2,1.0,PFNA,0.0524924708277172,0.943009303808888,False,up
WBGene00012786,2,1.0,PFNA,0.0861928494581575,0.943019063178972,False,up
WBGene00010562,2,0.9666666666666667,PFNA,-0.0310143978707138,0.943298190427326,False,down
WBGene00010565,2,1.0,PFNA,-0.0372646780444266,0.94331376989131,False,down
WBGene00019075,2,1.0,PFNA,0.0394484081049743,0.944273082914214,False,up
WBGene00016725,2,1.0,PFNA,0.0414809678633593,0.944683085734506,False,up
WBGene00015176,2,0.9666666666666667,PFNA,0.0337378111327167,0.944683085734506,False,up
WBGene00008110,2,1.0,PFNA,0.0334154672774471,0.944683085734506,False,up
WBGene00014139,2,1.0,PFNA,-0.0304402788572377,0.944683085734506,False,down
WBGene00021856,2,1.0,PFNA,-0.0310597318411289,0.944683085734506,False,down
WBGene00004203,2,0.8666666666666667,PFNA,-0.0379444674199745,0.944683085734506,False,down
WBGene00021160,2,1.0,PFNA,-0.153618465314112,0.944683085734506,False,down
WBGene00044074,2,1.0,PFNA,-0.157755704433833,0.944683085734506,False,down
WBGene00022042,2,1.0,PFNA,-0.0206139721085649,0.945173612269403,False,down
WBGene00015328,2,1.0,PFNA,-0.029568651255638,0.945173612269403,False,down
WBGene00009431,2,1.0,PFNA,0.112201473953674,0.945408186173898,False,up
WBGene00269433,2,0.6333333333333333,PFNA,0.0905600414756703,0.945408186173898,False,up
WBGene00303030,2,1.0,PFNA,0.0711989991922116,0.945408186173898,False,up
WBGene00019643,2,1.0,PFNA,0.0494273379057852,0.945408186173898,False,up
WBGene00021311,2,1.0,PFNA,0.0378002917438894,0.945408186173898,False,up
WBGene00018710,2,1.0,PFNA,0.0272188201862058,0.945408186173898,False,up
WBGene00004427,2,1.0,PFNA,0.0220522727280646,0.945408186173898,False,up
WBGene00006911,2,1.0,PFNA,-0.0240718755606018,0.945408186173898,False,down
WBGene00003218,2,1.0,PFNA,-0.0254561754475844,0.945408186173898,False,down
WBGene00018426,2,1.0,PFNA,-0.0291745851634626,0.945408186173898,False,down
WBGene00006913,2,1.0,PFNA,-0.0304168097610244,0.945408186173898,False,down
WBGene00015238,2,1.0,PFNA,-0.0391073239673706,0.945408186173898,False,down
WBGene00022021,2,1.0,PFNA,-0.0394859310677662,0.945408186173898,False,down
WBGene00018704,2,0.9,PFNA,-0.0471788649141732,0.945408186173898,False,down
WBGene00001853,2,1.0,PFNA,-0.0490360852226728,0.945408186173898,False,down
WBGene00008369,2,1.0,PFNA,-0.0544084375933004,0.945408186173898,False,down
WBGene00020125,2,0.9666666666666667,PFNA,0.0501700408964919,0.946023588517254,False,up
WBGene00021325,2,1.0,PFNA,0.0380734246328232,0.946023588517254,False,up
WBGene00009451,2,0.9666666666666667,PFNA,0.0320425303311629,0.946023588517254,False,up
WBGene00004423,2,1.0,PFNA,0.0246404943332688,0.946023588517254,False,up
WBGene00009119,2,1.0,PFNA,-0.0273103109566729,0.946023588517254,False,down
WBGene00022300,2,1.0,PFNA,-0.0314134331173849,0.946023588517254,False,down
WBGene00003056,2,0.9666666666666667,PFNA,-0.0390733988885493,0.946023588517254,False,down
WBGene00015865,2,1.0,PFNA,-0.0796517357182663,0.946023588517254,False,down
WBGene00004348,2,0.9666666666666667,PFNA,0.0383097927781355,0.946164530835465,False,up
WBGene00009219,2,1.0,PFNA,-0.0534045290031151,0.946493050051329,False,down
WBGene00011870,2,1.0,PFNA,-0.0706441357969088,0.946493050051329,False,down
WBGene00015582,2,0.9666666666666667,PFNA,-0.149107067553517,0.946493050051329,False,down
WBGene00020101,2,1.0,PFNA,0.0361425348280065,0.946823089895543,False,up
WBGene00001386,2,0.9666666666666667,PFNA,0.0646743071850465,0.94697125212396,False,up
WBGene00006364,2,1.0,PFNA,-0.0305385367335197,0.94697125212396,False,down
WBGene00010077,2,1.0,PFNA,0.0539785451789276,0.946976753341142,False,up
WBGene00007254,2,1.0,PFNA,0.0469638442991786,0.946976753341142,False,up
WBGene00004435,2,1.0,PFNA,-0.0463502748562415,0.946976753341142,False,down
WBGene00001581,2,1.0,PFNA,-0.0532293029594791,0.947162015325647,False,down
WBGene00010436,2,1.0,PFNA,0.0695289042908148,0.947308923376958,False,up
WBGene00001812,2,1.0,PFNA,0.0343025148283742,0.947308923376958,False,up
WBGene00009346,2,1.0,PFNA,-0.0568307962108699,0.947308923376958,False,down
WBGene00004257,2,1.0,PFNA,-0.063951070448167,0.949161340435234,False,down
WBGene00000552,2,1.0,PFNA,-0.0173556600469185,0.949728148915675,False,down
WBGene00006988,2,1.0,PFNA,0.0383771437865915,0.949837672378726,False,up
WBGene00021423,2,0.8333333333333334,PFNA,0.0278326549385609,0.950615554437422,False,up
WBGene00022369,2,1.0,PFNA,-0.0205294070412253,0.950615554437422,False,down
WBGene00020197,2,1.0,PFNA,-0.0261731685722587,0.950615554437422,False,down
WBGene00013001,2,1.0,PFNA,0.0417916395187156,0.951155269076624,False,up
WBGene00006522,2,1.0,PFNA,0.0607896664107934,0.951194053258242,False,up
WBGene00000742,2,1.0,PFNA,0.0647888393006282,0.951276355680297,False,up
WBGene00011965,2,0.9666666666666667,PFNA,0.0379691186487405,0.951276355680297,False,up
WBGene00002220,2,1.0,PFNA,0.0308909990138745,0.951276355680297,False,up
WBGene00011087,2,1.0,PFNA,-0.0799541909846329,0.951276355680297,False,down
WBGene00020942,2,1.0,PFNA,-0.0355543853017857,0.951575241079492,False,down
WBGene00004503,2,1.0,PFNA,-0.0320866804663798,0.951615636515484,False,down
WBGene00003902,2,1.0,PFNA,0.0168861243561583,0.951921335044406,False,up
WBGene00004089,2,0.9333333333333333,PFNA,0.0234443125139904,0.952004247405879,False,up
WBGene00007236,2,1.0,PFNA,0.0408578434415754,0.952094128156769,False,up
WBGene00017975,2,1.0,PFNA,-0.0393949549308999,0.95241801947147,False,down
WBGene00008978,2,0.9,PFNA,0.0606388192739279,0.952545298858226,False,up
WBGene00004743,2,0.9666666666666667,PFNA,0.0292908178338338,0.952685466568724,False,up
WBGene00016735,2,1.0,PFNA,0.0284396897335331,0.952685466568724,False,up
WBGene00021913,2,1.0,PFNA,-0.0531311610834737,0.952685466568724,False,down
WBGene00013207,2,1.0,PFNA,-0.146825565286957,0.952685466568724,False,down
WBGene00022374,2,1.0,PFNA,0.0907006141058986,0.952707219492278,False,up
WBGene00017719,2,1.0,PFNA,0.0426083914366373,0.952707219492278,False,up
WBGene00004418,2,1.0,PFNA,0.0187152923660749,0.952707219492278,False,up
WBGene00020026,2,1.0,PFNA,-0.0350135408674205,0.953272935705703,False,down
WBGene00003961,2,1.0,PFNA,0.0258288921748116,0.953398320095389,False,up
WBGene00016643,2,1.0,PFNA,0.0232691094097712,0.953398320095389,False,up
WBGene00009783,2,0.8666666666666667,PFNA,0.0243177115624824,0.953691697287693,False,up
WBGene00022152,2,1.0,PFNA,-0.02584172976262,0.953691697287693,False,down
WBGene00006869,2,1.0,PFNA,-0.0407177281426992,0.953969302448901,False,down
WBGene00004831,2,0.9333333333333333,PFNA,-0.0302390214461395,0.954261574747355,False,down
WBGene00021827,2,1.0,PFNA,0.0328029267919377,0.954679735504519,False,up
WBGene00016979,2,1.0,PFNA,-0.0451542028248167,0.954679735504519,False,down
WBGene00015540,2,1.0,PFNA,0.0375690887198445,0.954814152476527,False,up
WBGene00006961,2,1.0,PFNA,-0.0343760624025118,0.954964549870712,False,down
WBGene00009878,2,1.0,PFNA,-0.0344925450580774,0.955003754901379,False,down
WBGene00008375,2,1.0,PFNA,0.0690550491376342,0.955043222059419,False,up
WBGene00020383,2,0.8666666666666667,PFNA,0.0397786266153926,0.955349427146535,False,up
WBGene00013123,2,1.0,PFNA,0.0285627106355572,0.955349427146535,False,up
WBGene00020507,2,1.0,PFNA,0.0198958706392101,0.955349427146535,False,up
WBGene00009712,2,1.0,PFNA,-0.0192508956002919,0.955349427146535,False,down
WBGene00014095,2,1.0,PFNA,-0.024883466792914,0.955349427146535,False,down
WBGene00006729,2,1.0,PFNA,-0.0429821461112012,0.9555531554559,False,down
WBGene00011308,2,0.9666666666666667,PFNA,-0.0291099491957062,0.95575652680503,False,down
WBGene00017284,2,1.0,PFNA,0.0231954200328995,0.955760389932582,False,up
WBGene00006391,2,0.9,PFNA,-0.0460281257200218,0.955760389932582,False,down
WBGene00004429,2,1.0,PFNA,0.0217339684413935,0.955872001278266,False,up
WBGene00016674,2,0.9666666666666667,PFNA,0.05847937851474,0.956043244719513,False,up
WBGene00019778,2,1.0,PFNA,0.0289635412007474,0.956043244719513,False,up
WBGene00006917,2,0.8666666666666667,PFNA,-0.0228188429794515,0.956043244719513,False,down
WBGene00013029,2,1.0,PFNA,-0.0395329164647735,0.956043244719513,False,down
WBGene00011205,2,0.5666666666666667,PFNA,-0.0416858013814476,0.956043244719513,False,down
WBGene00015035,2,1.0,PFNA,-0.0558938648261172,0.956043244719513,False,down
WBGene00304812,2,0.9666666666666667,PFNA,-0.107811142254447,0.956043244719513,False,down
WBGene00010068,2,1.0,PFNA,0.0963096553563961,0.95681069536355,False,up
WBGene00012170,2,1.0,PFNA,0.084357194042233,0.95681069536355,False,up
WBGene00000884,2,1.0,PFNA,-0.0270938665229047,0.95681069536355,False,down
WBGene00007135,2,1.0,PFNA,-0.028725075473431,0.95681069536355,False,down
WBGene00019729,2,0.9,PFNA,-0.0344222753532884,0.95681069536355,False,down
WBGene00013678,2,1.0,PFNA,-0.0336270512342798,0.95699856824885,False,down
WBGene00020464,2,1.0,PFNA,0.0351344624588023,0.95702707477215,False,up
WBGene00012734,2,0.9666666666666667,PFNA,0.033752417255654,0.957031539422495,False,up
WBGene00008456,2,0.9666666666666667,PFNA,0.0407790939973381,0.957070598103718,False,up
WBGene00003825,2,0.9666666666666667,PFNA,-0.0179796814800562,0.957070598103718,False,down
WBGene00007941,2,0.9666666666666667,PFNA,-0.0323090190937625,0.957070598103718,False,down
WBGene00004492,2,1.0,PFNA,-0.0347395368667927,0.957070598103718,False,down
WBGene00012835,2,1.0,PFNA,-0.0494571545339836,0.957070598103718,False,down
WBGene00011156,2,1.0,PFNA,0.0479192170884638,0.957183294223581,False,up
WBGene00003006,2,1.0,PFNA,0.0326912268111,0.957183294223581,False,up
WBGene00006508,2,1.0,PFNA,0.0193220545786592,0.957183294223581,False,up
WBGene00015767,2,0.9666666666666667,PFNA,-0.0241735234126236,0.957183294223581,False,down
WBGene00015405,2,1.0,PFNA,-0.0259432165727791,0.957289333521535,False,down
WBGene00011580,2,1.0,PFNA,-0.0220104737040022,0.957603006658588,False,down
WBGene00012558,2,1.0,PFNA,0.0323571803394362,0.95790752309713,False,up
WBGene00009455,2,0.9666666666666667,PFNA,-0.0380315377586048,0.95790752309713,False,down
WBGene00003982,2,1.0,PFNA,-0.0394153330212093,0.95790752309713,False,down
WBGene00044638,2,1.0,PFNA,-0.0903648834464867,0.95790752309713,False,down
WBGene00006465,2,0.9,PFNA,-0.0253870968938509,0.958451839671101,False,down
WBGene00010370,2,0.9666666666666667,PFNA,-0.0429934311829774,0.958451839671101,False,down
WBGene00003225,2,1.0,PFNA,-0.0249872382198796,0.958524600286216,False,down
WBGene00021465,2,1.0,PFNA,0.0816808560993466,0.958634365042454,False,up
WBGene00012806,2,0.9333333333333333,PFNA,0.04394002046836,0.958634365042454,False,up
WBGene00044318,2,1.0,PFNA,0.0416508607282689,0.958634365042454,False,up
WBGene00009320,2,1.0,PFNA,0.0353524026203194,0.958634365042454,False,up
WBGene00000294,2,1.0,PFNA,0.0197417011975481,0.958634365042454,False,up
WBGene00009246,2,1.0,PFNA,-0.0217008994966751,0.958634365042454,False,down
WBGene00012434,2,1.0,PFNA,-0.0381468743561609,0.958634365042454,False,down
WBGene00019017,2,1.0,PFNA,-0.0404266799734758,0.958634365042454,False,down
WBGene00022883,2,1.0,PFNA,-0.0406394502204038,0.958634365042454,False,down
WBGene00005001,2,0.7333333333333333,PFNA,-0.0502261739799871,0.958634365042454,False,down
WBGene00008509,2,0.9666666666666667,PFNA,-0.0540401035707165,0.958634365042454,False,down
WBGene00044894,2,1.0,PFNA,-0.0590146995343678,0.958634365042454,False,down
WBGene00015092,2,1.0,PFNA,-0.0255582057890639,0.958920943919167,False,down
WBGene00022029,2,1.0,PFNA,0.0595669115198848,0.959413585952661,False,up
WBGene00006567,2,1.0,PFNA,-0.031866499662531,0.959533354377644,False,down
WBGene00017733,2,1.0,PFNA,-0.0319754907691242,0.959672065638057,False,down
WBGene00017149,2,0.8666666666666667,PFNA,0.0522546796254741,0.959684591628798,False,up
WBGene00013350,2,1.0,PFNA,0.0398412646135499,0.959684591628798,False,up
WBGene00016495,2,0.5666666666666667,PFNA,0.0313844305885009,0.959684591628798,False,up
WBGene00001631,2,1.0,PFNA,0.0260972027022663,0.959684591628798,False,up
WBGene00013365,2,1.0,PFNA,0.0258868464188137,0.959684591628798,False,up
WBGene00004433,2,1.0,PFNA,0.0230224265843162,0.959684591628798,False,up
WBGene00007955,2,1.0,PFNA,0.0215842417138727,0.959684591628798,False,up
WBGene00011807,2,1.0,PFNA,0.0215346230134766,0.959684591628798,False,up
WBGene00013606,2,1.0,PFNA,-0.0170032942182287,0.959684591628798,False,down
WBGene00009919,2,0.9333333333333333,PFNA,-0.0209567381143745,0.959684591628798,False,down
WBGene00004320,2,1.0,PFNA,-0.0269971512329041,0.959684591628798,False,down
WBGene00010283,2,0.9666666666666667,PFNA,-0.0281140589402349,0.959684591628798,False,down
WBGene00020451,2,0.9666666666666667,PFNA,-0.0364971911422418,0.959684591628798,False,down
WBGene00000075,2,1.0,PFNA,-0.0385291569425911,0.959684591628798,False,down
WBGene00018985,2,0.9666666666666667,PFNA,-0.0422942214088358,0.959684591628798,False,down
WBGene00002058,2,0.9666666666666667,PFNA,-0.0466041741971574,0.959684591628798,False,down
WBGene00003729,2,0.9666666666666667,PFNA,-0.0510592656274064,0.959684591628798,False,down
WBGene00009787,2,0.8,PFNA,-0.0582315339033226,0.959684591628798,False,down
WBGene00020419,2,0.9333333333333333,PFNA,-0.0711513239517579,0.959684591628798,False,down
WBGene00007653,2,1.0,PFNA,-0.0227786407665976,0.960147732221806,False,down
WBGene00022379,2,1.0,PFNA,-0.042968604313327,0.960936438268229,False,down
WBGene00010828,2,1.0,PFNA,-0.0390578051874826,0.961057495673697,False,down
WBGene00045249,2,1.0,PFNA,0.0523086163996975,0.961228051236765,False,up
WBGene00007974,2,1.0,PFNA,0.0324498313196504,0.961228051236765,False,up
WBGene00020322,2,1.0,PFNA,0.0323011866069519,0.961228051236765,False,up
WBGene00012208,2,1.0,PFNA,-0.0303514771591457,0.961228051236765,False,down
WBGene00021128,2,0.9666666666666667,PFNA,-0.0317162567411087,0.961228051236765,False,down
WBGene00010351,2,1.0,PFNA,-0.0682159899147548,0.961228051236765,False,down
WBGene00018077,2,0.9666666666666667,PFNA,0.0454520959997813,0.961878683431576,False,up
WBGene00011055,2,0.9666666666666667,PFNA,0.033716933078369,0.961878683431576,False,up
WBGene00013235,2,0.9666666666666667,PFNA,0.0228058685134968,0.961878683431576,False,up
WBGene00013354,2,1.0,PFNA,0.0209881895648394,0.961878683431576,False,up
WBGene00007588,2,1.0,PFNA,0.0178314594236937,0.961878683431576,False,up
WBGene00002148,2,1.0,PFNA,0.0177027164673881,0.961878683431576,False,up
WBGene00000839,2,0.9666666666666667,PFNA,0.0176563251383042,0.961878683431576,False,up
WBGene00016489,2,1.0,PFNA,-0.0201903818322385,0.961878683431576,False,down
WBGene00004422,2,1.0,PFNA,-0.0259322834549302,0.961878683431576,False,down
WBGene00020782,2,1.0,PFNA,-0.0279610253167284,0.961878683431576,False,down
WBGene00004442,2,1.0,PFNA,-0.0297781429302883,0.961878683431576,False,down
WBGene00012393,2,1.0,PFNA,-0.0299002432594697,0.961878683431576,False,down
WBGene00022787,2,1.0,PFNA,-0.0304869715457074,0.961878683431576,False,down
WBGene00006474,2,1.0,PFNA,-0.0304954594874703,0.961878683431576,False,down
WBGene00017734,2,0.7,PFNA,-0.0305502008641196,0.961878683431576,False,down
WBGene00021502,2,1.0,PFNA,-0.0363268437151297,0.961878683431576,False,down
WBGene00018237,2,1.0,PFNA,-0.0417916241354207,0.961878683431576,False,down
WBGene00004452,2,1.0,PFNA,-0.0432509340176122,0.961878683431576,False,down
WBGene00004367,2,1.0,PFNA,-0.0213324055146278,0.962020539089921,False,down
WBGene00004443,2,1.0,PFNA,-0.0430020549760667,0.962020539089921,False,down
WBGene00014054,2,1.0,PFNA,-0.0218172735315697,0.962058991039573,False,down
WBGene00012269,2,1.0,PFNA,0.0713960055132229,0.962298736810326,False,up
WBGene00013558,2,0.8666666666666667,PFNA,-0.0228460774233099,0.963235728601983,False,down
WBGene00004408,2,1.0,PFNA,0.0141255549459543,0.963695968346601,False,up
WBGene00006634,2,1.0,PFNA,-0.0259242345542327,0.963695968346601,False,down
WBGene00013529,2,1.0,PFNA,-0.0276311873410293,0.963695968346601,False,down
WBGene00003947,2,0.5333333333333333,PFNA,-0.0290829502942336,0.963695968346601,False,down
WBGene00010362,2,1.0,PFNA,-0.0418656054632915,0.963695968346601,False,down
WBGene00015010,2,1.0,PFNA,-0.0469699150208178,0.963695968346601,False,down
WBGene00019963,2,0.9666666666666667,PFNA,-0.157183853173364,0.963695968346601,False,down
WBGene00016166,2,0.9666666666666667,PFNA,0.0253291738975035,0.963844035743708,False,up
WBGene00013866,2,0.9666666666666667,PFNA,0.0713201963204042,0.963868366203753,False,up
WBGene00004269,2,1.0,PFNA,-0.0356241802170506,0.96393203836986,False,down
WBGene00021847,2,1.0,PFNA,-0.0238416845513873,0.96406832775901,False,down
WBGene00004902,2,1.0,PFNA,-0.0279310614431,0.96406832775901,False,down
WBGene00013352,2,0.9666666666666667,PFNA,-0.027499388615198,0.964280941399187,False,down
WBGene00000228,2,1.0,PFNA,-0.0182147515550662,0.964380980719316,False,down
WBGene00004444,2,1.0,PFNA,0.0273461896031903,0.964572668407109,False,up
WBGene00017741,2,0.9666666666666667,PFNA,-0.0333451546421095,0.964833032997056,False,down
WBGene00006520,2,1.0,PFNA,0.031819049657901,0.965052798690865,False,up
WBGene00007528,2,1.0,PFNA,0.0266866853283325,0.965052798690865,False,up
WBGene00004431,2,1.0,PFNA,0.0194325146921752,0.965052798690865,False,up
WBGene00022459,2,1.0,PFNA,0.0156783504527042,0.965052798690865,False,up
WBGene00003010,2,1.0,PFNA,-0.0238366846086954,0.965052798690865,False,down
WBGene00007520,2,0.9666666666666667,PFNA,0.0198161394826978,0.965142447829704,False,up
WBGene00004469,2,1.0,PFNA,-0.0147327138058627,0.965528684251167,False,down
WBGene00012640,2,1.0,PFNA,0.0472552812475352,0.966525658226071,False,up
WBGene00011226,2,0.9333333333333333,PFNA,0.0271300945263034,0.966525658226071,False,up
WBGene00000915,2,0.9,PFNA,0.0202283103868863,0.966525658226071,False,up
WBGene00006968,2,1.0,PFNA,-0.0195036822432924,0.966525658226071,False,down
WBGene00000829,2,1.0,PFNA,-0.0245693936332702,0.966525658226071,False,down
WBGene00017758,2,1.0,PFNA,-0.027921878781417,0.966525658226071,False,down
WBGene00008164,2,0.9,PFNA,-0.0307569340841618,0.966525658226071,False,down
WBGene00001039,2,0.6,PFNA,-0.0378216452410374,0.966525658226071,False,down
WBGene00001596,2,1.0,PFNA,-0.0181205757499253,0.967395470829968,False,down
WBGene00011339,2,0.5333333333333333,PFNA,0.09219098933401,0.967655064317578,False,up
WBGene00006477,2,1.0,PFNA,0.0343578938501982,0.967655064317578,False,up
WBGene00018878,2,1.0,PFNA,0.0265251960570132,0.967655064317578,False,up
WBGene00015310,2,1.0,PFNA,0.0260854699106631,0.967655064317578,False,up
WBGene00015485,2,0.9333333333333333,PFNA,0.0176679793492453,0.967655064317578,False,up
WBGene00004489,2,1.0,PFNA,0.0166946271871582,0.967655064317578,False,up
WBGene00015806,2,0.9666666666666667,PFNA,-0.0243916897866788,0.967655064317578,False,down
WBGene00022297,2,1.0,PFNA,-0.0270430852620577,0.967655064317578,False,down
WBGene00007474,2,0.9666666666666667,PFNA,-0.03692582604774,0.967655064317578,False,down
WBGene00002064,2,1.0,PFNA,-0.0453900623002204,0.967655064317578,False,down
WBGene00009148,2,1.0,PFNA,-0.0647175370872876,0.967655064317578,False,down
WBGene00022569,2,1.0,PFNA,-0.0282627797053513,0.967701655674329,False,down
WBGene00004830,2,1.0,PFNA,0.0195289387558854,0.967713948483202,False,up
WBGene00007703,2,1.0,PFNA,-0.016926926573823,0.967713948483202,False,down
WBGene00002183,2,0.8,PFNA,-0.0206215044441222,0.967713948483202,False,down
WBGene00000143,2,1.0,PFNA,-0.0218835334404676,0.967713948483202,False,down
WBGene00001865,2,0.9666666666666667,PFNA,-0.0241269864500457,0.967713948483202,False,down
WBGene00013925,2,0.9333333333333333,PFNA,-0.0355022981513261,0.967713948483202,False,down
WBGene00015984,2,1.0,PFNA,-0.0414131667005901,0.967713948483202,False,down
WBGene00021319,2,0.9666666666666667,PFNA,-0.0284012024925064,0.968112856545179,False,down
WBGene00000162,2,1.0,PFNA,0.0221562773689863,0.968238168321108,False,up
WBGene00014182,2,1.0,PFNA,0.0995666094522767,0.968699566617494,False,up
WBGene00013096,2,1.0,PFNA,-0.0222101762678654,0.968886913631195,False,down
WBGene00044107,2,1.0,PFNA,-0.0538793655850508,0.96897980398088,False,down
WBGene00009798,2,1.0,PFNA,0.0392889682417882,0.969027783520662,False,up
WBGene00020397,2,1.0,PFNA,0.0292656634494634,0.969027783520662,False,up
WBGene00011375,2,1.0,PFNA,0.0196205411798189,0.969027783520662,False,up
WBGene00018674,2,1.0,PFNA,0.0193674314141217,0.969027783520662,False,up
WBGene00004485,2,1.0,PFNA,-0.0244813401449465,0.969027783520662,False,down
WBGene00004120,2,1.0,PFNA,-0.062688576209454,0.969027783520662,False,down
WBGene00016920,2,0.5333333333333333,PFNA,0.0358498166951726,0.969124838874724,False,up
WBGene00015330,2,1.0,PFNA,0.0264810058737242,0.969124838874724,False,up
WBGene00004094,2,1.0,PFNA,-0.0245857242724441,0.969124838874724,False,down
WBGene00022309,2,1.0,PFNA,0.032285596187911,0.969593343181044,False,up
WBGene00004499,2,1.0,PFNA,-0.0192738594429575,0.969593343181044,False,down
WBGene00007679,2,1.0,PFNA,0.0272105175819071,0.969849261810371,False,up
WBGene00011507,2,1.0,PFNA,-0.0112006542020545,0.969849261810371,False,down
WBGene00007167,2,1.0,PFNA,-0.018637606642947,0.969849261810371,False,down
WBGene00010231,2,1.0,PFNA,-0.0357178493382254,0.969849261810371,False,down
WBGene00013137,2,0.6333333333333333,PFNA,-0.0357938974448198,0.969849261810371,False,down
WBGene00015519,2,1.0,PFNA,0.0301830311525156,0.969879445404066,False,up
WBGene00004481,2,1.0,PFNA,0.0222887954921504,0.969879445404066,False,up
WBGene00016278,2,1.0,PFNA,0.0136836393886218,0.969879445404066,False,up
WBGene00044745,2,1.0,PFNA,-0.0362998169193903,0.969879445404066,False,down
WBGene00009027,2,1.0,PFNA,-0.0188603554424769,0.970015569704774,False,down
WBGene00011334,2,0.8666666666666667,PFNA,-0.0210965576860038,0.970015569704774,False,down
WBGene00005662,2,1.0,PFNA,-0.0198987004436624,0.970075617452708,False,down
WBGene00012370,2,1.0,PFNA,-0.0271077020252901,0.970263646425764,False,down
WBGene00008091,2,1.0,PFNA,0.0411710617419724,0.970698367983991,False,up
WBGene00013436,2,1.0,PFNA,-0.0253451456114623,0.970698367983991,False,down
WBGene00004767,2,1.0,PFNA,-0.0144138455578981,0.970713228726396,False,down
WBGene00004417,2,1.0,PFNA,0.012724133568826,0.971207350654764,False,up
WBGene00004403,2,1.0,PFNA,-0.0149347920361465,0.971228786721992,False,down
WBGene00000070,2,1.0,PFNA,0.0209475408544591,0.972537905270257,False,up
WBGene00013037,2,0.9,PFNA,-0.0419144861279698,0.972537905270257,False,down
WBGene00003129,2,1.0,PFNA,0.0227582896903558,0.972813327375469,False,up
WBGene00000200,2,1.0,PFNA,0.0117890645232761,0.972813327375469,False,up
WBGene00010631,2,1.0,PFNA,-0.0104959059791977,0.972813327375469,False,down
WBGene00020259,2,1.0,PFNA,-0.0165473376947276,0.972813327375469,False,down
WBGene00015146,2,1.0,PFNA,-0.0175609523178742,0.972813327375469,False,down
WBGene00004486,2,1.0,PFNA,-0.0183649839382827,0.972813327375469,False,down
WBGene00006679,2,0.9666666666666667,PFNA,-0.0558059412756035,0.972813327375469,False,down
WBGene00010698,2,0.9666666666666667,PFNA,-0.130334977579992,0.972813327375469,False,down
WBGene00018013,2,1.0,PFNA,0.023182598562437,0.972847854142264,False,up
WBGene00001332,2,0.9666666666666667,PFNA,0.0228200148109019,0.972897825463685,False,up
WBGene00018221,2,0.9666666666666667,PFNA,-0.0213225457959678,0.973340462145814,False,down
WBGene00008331,2,1.0,PFNA,-0.0157603280439058,0.97338808379769,False,down
WBGene00006725,2,1.0,PFNA,-0.0153985892635202,0.97346302533244,False,down
WBGene00000778,2,1.0,PFNA,0.04656738929803,0.973563803488469,False,up
WBGene00013103,2,0.9333333333333333,PFNA,0.0385203466804463,0.973563803488469,False,up
WBGene00001808,2,1.0,PFNA,0.0356038347495909,0.973563803488469,False,up
WBGene00022629,2,1.0,PFNA,0.0243870915476122,0.973563803488469,False,up
WBGene00006713,2,1.0,PFNA,0.0210675375583274,0.973563803488469,False,up
WBGene00018061,2,1.0,PFNA,0.0204027573370906,0.973563803488469,False,up
WBGene00004447,2,1.0,PFNA,0.0171002481402892,0.973563803488469,False,up
WBGene00008920,2,0.9333333333333333,PFNA,0.0107803746559218,0.973563803488469,False,up
WBGene00004087,2,1.0,PFNA,-0.0132606910021589,0.973563803488469,False,down
WBGene00012369,2,1.0,PFNA,-0.0151030345899944,0.973563803488469,False,down
WBGene00004506,2,1.0,PFNA,-0.0177715286726093,0.973563803488469,False,down
WBGene00015793,2,1.0,PFNA,-0.0179675331589799,0.973563803488469,False,down
WBGene00014165,2,0.9,PFNA,-0.0195538550873331,0.973563803488469,False,down
WBGene00000537,2,1.0,PFNA,-0.019786081652306,0.973563803488469,False,down
WBGene00007021,2,1.0,PFNA,-0.0234811379808754,0.973563803488469,False,down
WBGene00022273,2,1.0,PFNA,-0.0302603896765098,0.973563803488469,False,down
WBGene00018541,2,0.8666666666666667,PFNA,-0.0430397624591852,0.973563803488469,False,down
WBGene00003579,2,1.0,PFNA,0.0287796630426027,0.973726130745989,False,up
WBGene00045192,2,1.0,PFNA,0.015169689965195,0.973726130745989,False,up
WBGene00001978,2,0.9666666666666667,PFNA,-0.0180847373064157,0.973758310167282,False,down
WBGene00004413,2,1.0,PFNA,0.012559752943558,0.973797086983261,False,up
WBGene00000762,2,1.0,PFNA,-0.0225804012158347,0.973797086983261,False,down
WBGene00018427,2,1.0,PFNA,-0.0552817027062767,0.973797086983261,False,down
WBGene00003017,2,0.9666666666666667,PFNA,0.0551167446659556,0.973912219923161,False,up
WBGene00006573,2,0.6666666666666666,PFNA,0.0356926230430011,0.973912219923161,False,up
WBGene00004453,2,1.0,PFNA,0.0338056958552095,0.973912219923161,False,up
WBGene00019396,2,1.0,PFNA,0.0210531047277888,0.973912219923161,False,up
WBGene00007975,2,1.0,PFNA,0.0190514141960176,0.973912219923161,False,up
WBGene00018025,2,0.9666666666666667,PFNA,-0.0222111942864168,0.973912219923161,False,down
WBGene00019007,2,1.0,PFNA,-0.0292815003369258,0.973912219923161,False,down
WBGene00014188,2,1.0,PFNA,-0.0804299773840082,0.973912219923161,False,down
WBGene00017087,2,1.0,PFNA,0.0275246023682336,0.97412023772207,False,up
WBGene00022360,2,1.0,PFNA,0.0153187335042036,0.974789085706254,False,up
WBGene00004425,2,1.0,PFNA,0.0112273712803326,0.974789085706254,False,up
WBGene00011067,2,1.0,PFNA,-0.0133667391244826,0.974789085706254,False,down
WBGene00009441,2,1.0,PFNA,-0.0206679330655703,0.974789085706254,False,down
WBGene00219275,2,0.9666666666666667,PFNA,-0.0342056581127238,0.974789085706254,False,down
WBGene00021758,2,0.9666666666666667,PFNA,-0.0236470554990198,0.975002446229956,False,down
WBGene00013232,2,1.0,PFNA,0.0132890431653025,0.975257452736817,False,up
WBGene00012225,2,1.0,PFNA,-0.0427847693953382,0.975257452736817,False,down
WBGene00013729,2,1.0,PFNA,-0.027360719814859,0.975563516587387,False,down
WBGene00003594,2,1.0,PFNA,0.014239890235841,0.975598149384103,False,up
WBGene00004424,2,1.0,PFNA,-0.0132183172693327,0.975872734114296,False,down
WBGene00003949,2,1.0,PFNA,0.0190344406433971,0.975914615063041,False,up
WBGene00013011,2,1.0,PFNA,-0.010210405608793,0.975914615063041,False,down
WBGene00015236,2,1.0,PFNA,0.0501893875362135,0.976086711950838,False,up
WBGene00000969,2,0.9333333333333333,PFNA,0.0450634435320216,0.976086711950838,False,up
WBGene00010525,2,1.0,PFNA,0.0360711054954933,0.976086711950838,False,up
WBGene00015038,2,1.0,PFNA,0.0286822232710534,0.976086711950838,False,up
WBGene00008370,2,1.0,PFNA,0.0274457649786857,0.976086711950838,False,up
WBGene00020052,2,1.0,PFNA,0.0273085847570638,0.976086711950838,False,up
WBGene00022663,2,1.0,PFNA,0.0257857450949922,0.976086711950838,False,up
WBGene00010340,2,1.0,PFNA,0.0237095277794316,0.976086711950838,False,up
WBGene00002043,2,1.0,PFNA,0.0191919012866625,0.976086711950838,False,up
WBGene00003952,2,1.0,PFNA,0.0188510826163546,0.976086711950838,False,up
WBGene00021061,2,1.0,PFNA,0.0175651785974484,0.976086711950838,False,up
WBGene00017372,2,1.0,PFNA,0.0166376762114239,0.976086711950838,False,up
WBGene00001028,2,1.0,PFNA,0.0161435616816049,0.976086711950838,False,up
WBGene00007917,2,0.9333333333333333,PFNA,0.0123499253469883,0.976086711950838,False,up
WBGene00003818,2,1.0,PFNA,-0.0105527830738774,0.976086711950838,False,down
WBGene00004487,2,1.0,PFNA,-0.0110383607092966,0.976086711950838,False,down
WBGene00003967,2,1.0,PFNA,-0.0123536790376002,0.976086711950838,False,down
WBGene00003901,2,1.0,PFNA,-0.0151642478772943,0.976086711950838,False,down
WBGene00010959,2,0.9,PFNA,-0.0156308888399354,0.976086711950838,False,down
WBGene00018491,2,0.9333333333333333,PFNA,-0.0161578711161712,0.976086711950838,False,down
WBGene00006699,2,0.9,PFNA,-0.0189895029590928,0.976086711950838,False,down
WBGene00012073,2,1.0,PFNA,-0.0210738802304877,0.976086711950838,False,down
WBGene00012187,2,1.0,PFNA,-0.0224866631976563,0.976086711950838,False,down
WBGene00007959,2,1.0,PFNA,-0.0228372786023746,0.976086711950838,False,down
WBGene00022453,2,1.0,PFNA,-0.0231139627410901,0.976086711950838,False,down
WBGene00000375,2,0.6333333333333333,PFNA,-0.0236553163001889,0.976086711950838,False,down
WBGene00018073,2,0.9666666666666667,PFNA,-0.030118850088219,0.976086711950838,False,down
WBGene00004498,2,0.9,PFNA,-0.0312223703955906,0.976086711950838,False,down
WBGene00007145,2,1.0,PFNA,-0.0201167096062534,0.976124126920836,False,down
WBGene00020893,2,1.0,PFNA,0.0601579046032843,0.9765023713281,False,up
WBGene00011224,2,1.0,PFNA,0.0313576394490522,0.9765023713281,False,up
WBGene00018957,2,0.6,PFNA,0.0383373935430162,0.976605321860532,False,up
WBGene00016995,2,1.0,PFNA,0.0318872264165514,0.976605321860532,False,up
WBGene00022230,2,0.8666666666666667,PFNA,0.031506631430641,0.976605321860532,False,up
WBGene00006690,2,1.0,PFNA,0.0275162316570322,0.976605321860532,False,up
WBGene00195063,2,1.0,PFNA,0.0241227568587333,0.976605321860532,False,up
WBGene00003914,2,1.0,PFNA,0.0210315437306188,0.976605321860532,False,up
WBGene00016624,2,1.0,PFNA,0.0169651531856634,0.976605321860532,False,up
WBGene00010579,2,1.0,PFNA,0.0164718585783423,0.976605321860532,False,up
WBGene00000917,2,0.8,PFNA,0.015817470736007,0.976605321860532,False,up
WBGene00006067,2,1.0,PFNA,0.0157958547852137,0.976605321860532,False,up
WBGene00003479,2,1.0,PFNA,0.0148201994985106,0.976605321860532,False,up
WBGene00012226,2,1.0,PFNA,0.0142469100123994,0.976605321860532,False,up
WBGene00009188,2,1.0,PFNA,0.0127092747702146,0.976605321860532,False,up
WBGene00013808,2,1.0,PFNA,0.0108355532224007,0.976605321860532,False,up
WBGene00011333,2,1.0,PFNA,-0.0097917268257695,0.976605321860532,False,down
WBGene00004493,2,1.0,PFNA,-0.0130127135992526,0.976605321860532,False,down
WBGene00015565,2,1.0,PFNA,-0.017489266969565,0.976605321860532,False,down
WBGene00011006,2,1.0,PFNA,-0.0177915680278566,0.976605321860532,False,down
WBGene00017825,2,0.9666666666666667,PFNA,-0.0179039842688437,0.976605321860532,False,down
WBGene00012602,2,1.0,PFNA,-0.0184171868049019,0.976605321860532,False,down
WBGene00000557,2,1.0,PFNA,-0.0259831996018009,0.976605321860532,False,down
WBGene00003993,2,0.9,PFNA,-0.0273704451230581,0.976605321860532,False,down
WBGene00302998,2,0.9666666666666667,PFNA,-0.0427681190838386,0.976605321860532,False,down
WBGene00044360,2,0.9666666666666667,PFNA,-0.044879782267045,0.976605321860532,False,down
WBGene00021529,2,0.6666666666666666,PFNA,-0.0537687916407557,0.976605321860532,False,down
WBGene00015118,2,0.7,PFNA,-0.0629098965254537,0.976605321860532,False,down
WBGene00004062,2,1.0,PFNA,0.0924730420568186,0.976642292269123,False,up
WBGene00018811,2,1.0,PFNA,0.0420005719972258,0.976784751314672,False,up
WBGene00000105,2,0.6,PFNA,0.0178190365611394,0.977052777791466,False,up
WBGene00004341,2,0.9333333333333333,PFNA,0.0154499924563184,0.977052777791466,False,up
WBGene00004484,2,1.0,PFNA,0.0126923838084553,0.977052777791466,False,up
WBGene00004745,2,0.8,PFNA,0.0125831083404429,0.977052777791466,False,up
WBGene00001443,2,0.9666666666666667,PFNA,0.0105565143623895,0.977052777791466,False,up
WBGene00004204,2,0.9666666666666667,PFNA,-0.0114484213958201,0.977052777791466,False,down
WBGene00014234,2,1.0,PFNA,-0.0166934506473603,0.977052777791466,False,down
WBGene00001633,2,0.9666666666666667,PFNA,-0.0346578782431834,0.977052777791466,False,down
WBGene00008763,2,0.9333333333333333,PFNA,-0.0543936886553488,0.977052777791466,False,down
WBGene00013938,2,1.0,PFNA,-0.0567592595587534,0.977052777791466,False,down
WBGene00019959,2,1.0,PFNA,-0.0144952993579726,0.977122131755081,False,down
WBGene00014060,2,1.0,PFNA,0.0272402908956558,0.977190232266249,False,up
WBGene00004434,2,1.0,PFNA,0.0147138010444273,0.977190232266249,False,up
WBGene00004432,2,1.0,PFNA,-0.0104476410163224,0.977190232266249,False,down
WBGene00022491,2,1.0,PFNA,-0.0139343800359354,0.977190232266249,False,down
WBGene00013514,2,1.0,PFNA,-0.0274105877509092,0.977190232266249,False,down
WBGene00012719,2,0.9666666666666667,PFNA,0.0203809612957816,0.977295576020815,False,up
WBGene00008081,2,0.9666666666666667,PFNA,0.0131338695765423,0.977295576020815,False,up
WBGene00018339,2,0.7666666666666667,PFNA,-0.0101149162848794,0.977295576020815,False,down
WBGene00012683,2,0.9666666666666667,PFNA,-0.0672024403866288,0.977295576020815,False,down
WBGene00018998,2,1.0,PFNA,-0.0154938816412016,0.977297457212841,False,down
WBGene00004051,2,1.0,PFNA,-0.0120659544816627,0.977977422710629,False,down
WBGene00020843,2,1.0,PFNA,-0.016724381583547,0.977995901562029,False,down
WBGene00009329,2,1.0,PFNA,-0.0198206282045081,0.978454097518598,False,down
WBGene00008254,2,1.0,PFNA,0.017006091132085,0.978501853262832,False,up
WBGene00004314,2,0.9666666666666667,PFNA,0.011354695158991,0.978501853262832,False,up
WBGene00014251,2,1.0,PFNA,0.0368734067524636,0.978771809043485,False,up
WBGene00004274,2,1.0,PFNA,-0.0089969612910076,0.978771809043485,False,down
WBGene00001236,2,1.0,PFNA,-0.0105510176882268,0.978771809043485,False,down
WBGene00022277,2,1.0,PFNA,-0.0136034663681936,0.978771809043485,False,down
WBGene00012767,2,1.0,PFNA,-0.0162361288687515,0.978771809043485,False,down
WBGene00004480,2,1.0,PFNA,0.0119013709603847,0.980237163212204,False,up
WBGene00012105,2,1.0,PFNA,-0.0117496657795103,0.980237163212204,False,down
WBGene00012376,2,1.0,PFNA,-0.0117300573987828,0.980238456052947,False,down
WBGene00004454,2,1.0,PFNA,-0.0171204604465474,0.980411545923391,False,down
WBGene00016060,2,0.8666666666666667,PFNA,-0.0101653725637251,0.980987721265552,False,down
WBGene00011867,2,1.0,PFNA,-0.0117687498230507,0.981044923823904,False,down
WBGene00010793,2,0.8666666666666667,PFNA,0.0150819286034348,0.98122257728601,False,up
WBGene00001898,2,0.8666666666666667,PFNA,0.0149459771094252,0.981361393080673,False,up
WBGene00015064,2,1.0,PFNA,-0.0238701623733511,0.981361393080673,False,down
WBGene00010750,2,0.9333333333333333,PFNA,0.0219407026894153,0.981556204020351,False,up
WBGene00012175,2,0.9333333333333333,PFNA,0.059911751499355,0.981921891362343,False,up
WBGene00015937,2,1.0,PFNA,0.0499940290597357,0.981921891362343,False,up
WBGene00019346,2,1.0,PFNA,0.0232618671709005,0.981921891362343,False,up
WBGene00008318,2,1.0,PFNA,0.022455427729241,0.981921891362343,False,up
WBGene00015322,2,1.0,PFNA,0.0220633014907929,0.981921891362343,False,up
WBGene00000145,2,1.0,PFNA,0.0190813095277564,0.981921891362343,False,up
WBGene00018635,2,0.6666666666666666,PFNA,0.0145366212063425,0.981921891362343,False,up
WBGene00003932,2,0.9666666666666667,PFNA,0.0115567974451294,0.981921891362343,False,up
WBGene00021097,2,0.7,PFNA,-0.0122767865084508,0.981921891362343,False,down
WBGene00012358,2,0.9666666666666667,PFNA,-0.0136783446227439,0.981921891362343,False,down
WBGene00010742,2,0.9,PFNA,-0.0140582883725275,0.981921891362343,False,down
WBGene00016838,2,1.0,PFNA,-0.0152298607765229,0.981921891362343,False,down
WBGene00013838,2,1.0,PFNA,-0.0220192838519205,0.981921891362343,False,down
WBGene00013690,2,0.9666666666666667,PFNA,-0.0227361729211011,0.981921891362343,False,down
WBGene00006692,2,1.0,PFNA,-0.0229738019470687,0.981921891362343,False,down
WBGene00010539,2,0.9333333333333333,PFNA,-0.0244138420974637,0.981921891362343,False,down
WBGene00018307,2,0.8666666666666667,PFNA,-0.0340444910783461,0.981921891362343,False,down
WBGene00021743,2,0.9666666666666667,PFNA,0.028402696970605,0.982065808578867,False,up
WBGene00010433,2,1.0,PFNA,-0.0135692416732451,0.982295434164282,False,down
WBGene00011410,2,0.9333333333333333,PFNA,0.0112961867363501,0.982475512803342,False,up
WBGene00012715,2,1.0,PFNA,0.0234246918267489,0.982521649569506,False,up
WBGene00021923,2,0.9333333333333333,PFNA,-0.0129583697137932,0.983040576525403,False,down
WBGene00022742,2,1.0,PFNA,0.0091179596776704,0.983183995723839,False,up
WBGene00003389,2,1.0,PFNA,-0.009196885638586,0.98324853310972,False,down
WBGene00012270,2,1.0,PFNA,0.0284519728738968,0.983549682240235,False,up
WBGene00022269,2,1.0,PFNA,-0.0155062273368838,0.9836510860757,False,down
WBGene00018092,2,1.0,PFNA,-0.0580620316718241,0.9836510860757,False,down
WBGene00020270,2,1.0,PFNA,0.0493016796729451,0.983791281177623,False,up
WBGene00001620,2,1.0,PFNA,0.0152774344013356,0.983791281177623,False,up
WBGene00020993,2,0.9666666666666667,PFNA,0.0138422078181785,0.983791281177623,False,up
WBGene00018975,2,1.0,PFNA,0.0120084605026184,0.983791281177623,False,up
WBGene00001336,2,1.0,PFNA,-0.0077176584622375,0.983791281177623,False,down
WBGene00004789,2,0.5333333333333333,PFNA,-0.0114169376884289,0.983791281177623,False,down
WBGene00022850,2,1.0,PFNA,-0.0119934038991027,0.983791281177623,False,down
WBGene00016564,2,1.0,PFNA,-0.0204729331238214,0.983791281177623,False,down
WBGene00016337,2,1.0,PFNA,-0.0435290744114694,0.983791281177623,False,down
WBGene00013217,2,1.0,PFNA,0.0141602468690642,0.984120118832331,False,up
WBGene00013920,2,1.0,PFNA,-0.0123510651837744,0.9841492042144,False,down
WBGene00001334,2,1.0,PFNA,0.0090227821032899,0.984510677620418,False,up
WBGene00021148,2,1.0,PFNA,-0.0098626991368943,0.984510677620418,False,down
WBGene00009483,2,1.0,PFNA,-0.016363218640901,0.984510677620418,False,down
WBGene00011641,2,1.0,PFNA,-0.0200797815680274,0.984510677620418,False,down
WBGene00022791,2,0.9666666666666667,PFNA,0.0164092899394815,0.984759082688256,False,up
WBGene00004753,2,1.0,PFNA,-0.0092071439630425,0.984759082688256,False,down
WBGene00004441,2,1.0,PFNA,-0.0121063942007324,0.984759082688256,False,down
WBGene00044637,2,1.0,PFNA,-0.019689608001846,0.984759082688256,False,down
WBGene00008483,2,1.0,PFNA,0.0234884906322628,0.985163263548069,False,up
WBGene00011538,2,1.0,PFNA,0.0214106131427592,0.985163263548069,False,up
WBGene00017261,2,1.0,PFNA,0.0123910566260348,0.985163263548069,False,up
WBGene00021332,2,1.0,PFNA,-0.0159589221329949,0.985163263548069,False,down
WBGene00015407,2,1.0,PFNA,0.0137926818260885,0.985469472938552,False,up
WBGene00019490,2,1.0,PFNA,0.0102173720894859,0.985469472938552,False,up
WBGene00022128,2,1.0,PFNA,-0.0082836032597468,0.985469472938552,False,down
WBGene00022279,2,1.0,PFNA,-0.0098026993463051,0.985469472938552,False,down
WBGene00007493,2,0.7,PFNA,-0.0107545597917106,0.985469472938552,False,down
WBGene00011123,2,1.0,PFNA,-0.0161888536244506,0.985469472938552,False,down
WBGene00009117,2,0.6,PFNA,-0.0513794420231634,0.985469472938552,False,down
WBGene00008852,2,1.0,PFNA,-0.0099454770629913,0.985542056144107,False,down
WBGene00021764,2,1.0,PFNA,0.0086532989299291,0.985980825100449,False,up
WBGene00020824,2,1.0,PFNA,0.0104942630745298,0.986204492325747,False,up
WBGene00020413,2,0.9666666666666667,PFNA,0.0161624330701039,0.986246526916782,False,up
WBGene00017349,2,1.0,PFNA,0.0232943162450072,0.986250535757766,False,up
WBGene00023405,2,0.9666666666666667,PFNA,-0.0098662611042494,0.986250535757766,False,down
WBGene00004488,2,1.0,PFNA,-0.0102949041870371,0.986250535757766,False,down
WBGene00010356,2,1.0,PFNA,-0.0122576577946744,0.986250535757766,False,down
WBGene00020131,2,1.0,PFNA,0.0100621462090088,0.986435607303059,False,up
WBGene00175035,2,1.0,PFNA,0.0269326919003989,0.986575742387608,False,up
WBGene00008547,2,0.8666666666666667,PFNA,-0.0138940748938088,0.986575742387608,False,down
WBGene00004175,2,0.7333333333333333,PFNA,0.0139763844166815,0.986690967444855,False,up
WBGene00010130,2,1.0,PFNA,0.0077207525938591,0.986690967444855,False,up
WBGene00017642,2,1.0,PFNA,0.0073838321587868,0.986690967444855,False,up
WBGene00002065,2,1.0,PFNA,0.0069698729691034,0.986690967444855,False,up
WBGene00009440,2,1.0,PFNA,-0.0064561012297953,0.986690967444855,False,down
WBGene00004460,2,1.0,PFNA,-0.0117855484027486,0.986690967444855,False,down
WBGene00017687,2,1.0,PFNA,-0.0135219426798755,0.986690967444855,False,down
WBGene00009138,2,1.0,PFNA,-0.0162439864078232,0.986690967444855,False,down
WBGene00013544,2,1.0,PFNA,-0.0162698460413639,0.986690967444855,False,down
WBGene00009777,2,1.0,PFNA,-0.0313057010439617,0.986690967444855,False,down
WBGene00006429,2,0.9666666666666667,PFNA,-0.0509124272654717,0.986690967444855,False,down
WBGene00021714,2,1.0,PFNA,-0.0127442129760062,0.986775307597648,False,down
WBGene00044338,2,1.0,PFNA,-0.0259551290549232,0.987132483278673,False,down
WBGene00019647,2,1.0,PFNA,-0.0122089208405501,0.987528912311304,False,down
WBGene00010583,2,1.0,PFNA,0.009935984278893,0.987650220542168,False,up
WBGene00003826,2,1.0,PFNA,0.006433131069578,0.987650220542168,False,up
WBGene00001648,2,1.0,PFNA,-0.0060451388029238,0.987650220542168,False,down
WBGene00007988,2,0.9333333333333333,PFNA,-0.0195572101890933,0.987650220542168,False,down
WBGene00013404,2,0.8666666666666667,PFNA,-0.0343728477121915,0.987650220542168,False,down
WBGene00011661,2,1.0,PFNA,0.0096879112648728,0.98765795985446,False,up
WBGene00004450,2,1.0,PFNA,-0.0106492027991088,0.98765795985446,False,down
WBGene00001910,2,0.5333333333333333,PFNA,-0.0145276087958866,0.98765795985446,False,down
WBGene00022104,2,1.0,PFNA,-0.0169536136493979,0.98765795985446,False,down
WBGene00020549,2,1.0,PFNA,0.0115895965233556,0.987662786076629,False,up
WBGene00000210,2,1.0,PFNA,-0.0090239488360936,0.988001099946208,False,down
WBGene00017289,2,0.7666666666666667,PFNA,-0.0117581222746294,0.988192781503548,False,down
WBGene00018480,2,1.0,PFNA,0.07053342381418,0.988248933888948,False,up
WBGene00004412,2,1.0,PFNA,0.0056616425420823,0.988248933888948,False,up
WBGene00012179,2,1.0,PFNA,-0.0162756878416528,0.988248933888948,False,down
WBGene00012647,2,0.9666666666666667,PFNA,-0.0217540495921949,0.988248933888948,False,down
WBGene00013211,2,1.0,PFNA,-0.0225765157864581,0.988248933888948,False,down
WBGene00021104,2,1.0,PFNA,0.0121350116435112,0.988576363120746,False,up
WBGene00004491,2,1.0,PFNA,-0.0079488972595446,0.988576363120746,False,down
WBGene00017591,2,1.0,PFNA,0.010169284336331,0.988614646004138,False,up
WBGene00007390,2,0.9666666666666667,PFNA,0.0082662822357588,0.988614646004138,False,up
WBGene00010867,2,0.9666666666666667,PFNA,-0.0091515184792269,0.988614646004138,False,down
WBGene00012941,2,0.9666666666666667,PFNA,0.0186151137328109,0.988678592730371,False,up
WBGene00015171,2,1.0,PFNA,0.0127725072063193,0.988678592730371,False,up
WBGene00008089,2,0.9666666666666667,PFNA,0.0119638119064238,0.988678592730371,False,up
WBGene00004446,2,1.0,PFNA,0.0100834394675077,0.988678592730371,False,up
WBGene00013265,2,1.0,PFNA,0.0099579381516881,0.988678592730371,False,up
WBGene00012496,2,1.0,PFNA,0.0096357733011853,0.988678592730371,False,up
WBGene00008506,2,1.0,PFNA,0.0092709686165205,0.988678592730371,False,up
WBGene00006810,2,0.9333333333333333,PFNA,0.0090465630263836,0.988678592730371,False,up
WBGene00018364,2,0.9666666666666667,PFNA,0.0068497203364844,0.988678592730371,False,up
WBGene00004744,2,1.0,PFNA,0.0065634882141163,0.988678592730371,False,up
WBGene00010416,2,1.0,PFNA,0.0058901216988549,0.988678592730371,False,up
WBGene00004479,2,1.0,PFNA,-0.0069560396920076,0.988678592730371,False,down
WBGene00017046,2,0.9,PFNA,-0.0075394430724933,0.988678592730371,False,down
WBGene00022031,2,1.0,PFNA,-0.0094572834317842,0.988678592730371,False,down
WBGene00000511,2,1.0,PFNA,-0.0098858201607811,0.988678592730371,False,down
WBGene00007388,2,1.0,PFNA,-0.0109655825864884,0.988678592730371,False,down
WBGene00021322,2,1.0,PFNA,-0.0118371634987926,0.988678592730371,False,down
WBGene00001995,2,1.0,PFNA,-0.0120103040800479,0.988678592730371,False,down
WBGene00011095,2,1.0,PFNA,-0.0149960547418333,0.988678592730371,False,down
WBGene00000952,2,0.9666666666666667,PFNA,-0.0223138107231832,0.988678592730371,False,down
WBGene00016493,2,1.0,PFNA,0.0099683242595555,0.989013885850973,False,up
WBGene00018330,2,1.0,PFNA,0.0095678142849032,0.989013885850973,False,up
WBGene00004483,2,1.0,PFNA,0.0074927049844085,0.989013885850973,False,up
WBGene00004472,2,1.0,PFNA,0.0066112656190796,0.989013885850973,False,up
WBGene00012762,2,1.0,PFNA,-0.0060642867783451,0.989013885850973,False,down
WBGene00018009,2,1.0,PFNA,-0.0081601578177899,0.989013885850973,False,down
WBGene00016868,2,1.0,PFNA,-0.0187728234789881,0.989013885850973,False,down
WBGene00022368,2,1.0,PFNA,-0.0097185045389402,0.989325264315419,False,down
WBGene00044296,2,0.9,PFNA,-0.0161434016609996,0.989325264315419,False,down
WBGene00004105,2,1.0,PFNA,0.0063462122181116,0.989469726985924,False,up
WBGene00001244,2,1.0,PFNA,0.0084523281228614,0.989741242851715,False,up
WBGene00021191,2,1.0,PFNA,-0.0085002411616332,0.989741242851715,False,down
WBGene00011034,2,1.0,PFNA,0.0082701978711358,0.989791884252283,False,up
WBGene00013275,2,1.0,PFNA,0.0118153367319849,0.989922596949612,False,up
WBGene00004880,2,0.9666666666666667,PFNA,-0.0061175608845811,0.989922596949612,False,down
WBGene00003578,2,1.0,PFNA,0.0077552585153037,0.989940176092413,False,up
WBGene00008404,2,0.9666666666666667,PFNA,-0.0070928163033632,0.990209876732445,False,down
WBGene00022251,2,0.6666666666666666,PFNA,-0.0078742347767774,0.990209876732445,False,down
WBGene00000699,2,1.0,PFNA,0.0111351396534372,0.99049146390705,False,up
WBGene00015632,2,1.0,PFNA,0.0106034522568923,0.99049146390705,False,up
WBGene00012007,2,1.0,PFNA,0.0103477358891556,0.99049146390705,False,up
WBGene00015885,2,1.0,PFNA,0.0103164503478422,0.99049146390705,False,up
WBGene00017514,2,1.0,PFNA,0.0097111510539239,0.99049146390705,False,up
WBGene00014227,2,1.0,PFNA,0.0077338535886475,0.99049146390705,False,up
WBGene00004448,2,1.0,PFNA,0.0065456685958137,0.99049146390705,False,up
WBGene00006728,2,1.0,PFNA,0.0062232412364384,0.99049146390705,False,up
WBGene00004428,2,1.0,PFNA,0.0043906305305902,0.99049146390705,False,up
WBGene00004471,2,1.0,PFNA,-0.0057494806489118,0.99049146390705,False,down
WBGene00019813,2,1.0,PFNA,-0.0067619424913803,0.99049146390705,False,down
WBGene00001328,2,1.0,PFNA,-0.0075346845010294,0.99049146390705,False,down
WBGene00013893,2,1.0,PFNA,-0.0075709245317147,0.99049146390705,False,down
WBGene00007690,2,1.0,PFNA,-0.0080247819332682,0.99049146390705,False,down
WBGene00021103,2,1.0,PFNA,-0.0086946070425905,0.99049146390705,False,down
WBGene00020099,2,0.6,PFNA,-0.0091567212249257,0.99049146390705,False,down
WBGene00001429,2,0.9333333333333333,PFNA,-0.0114597892134893,0.99049146390705,False,down
WBGene00015713,2,0.8666666666666667,PFNA,-0.0118418773644446,0.99049146390705,False,down
WBGene00006721,2,1.0,PFNA,-0.0125397082257799,0.99049146390705,False,down
WBGene00009087,2,1.0,PFNA,-0.0206088242663699,0.99049146390705,False,down
WBGene00015392,2,0.9,PFNA,-0.026237509219324,0.99049146390705,False,down
WBGene00000717,2,1.0,PFNA,-0.0391419488438376,0.99049146390705,False,down
WBGene00219322,2,1.0,PFNA,0.0254831522616286,0.990716985486171,False,up
WBGene00009672,2,0.9,PFNA,0.0056789549212164,0.990716985486171,False,up
WBGene00000237,2,1.0,PFNA,-0.0046341160456373,0.990716985486171,False,down
WBGene00003922,2,1.0,PFNA,-0.0068654911373401,0.990716985486171,False,down
WBGene00001060,2,1.0,PFNA,-0.0049583056591677,0.990723202875511,False,down
WBGene00009925,2,1.0,PFNA,-0.0082315903752387,0.990723202875511,False,down
WBGene00016971,2,1.0,PFNA,-0.0105256360948117,0.990723202875511,False,down
WBGene00011916,2,1.0,PFNA,0.0078057974895616,0.990838683341512,False,up
WBGene00009223,2,0.9333333333333333,PFNA,0.0073515783998133,0.990838683341512,False,up
WBGene00021644,2,1.0,PFNA,0.0048487945820229,0.990838683341512,False,up
WBGene00008765,2,1.0,PFNA,-0.0057710129899876,0.990838683341512,False,down
WBGene00011376,2,1.0,PFNA,-0.0099238854345059,0.990838683341512,False,down
WBGene00255600,2,1.0,PFNA,-0.0121603445909369,0.990838683341512,False,down
WBGene00020150,2,0.9666666666666667,PFNA,-0.0305714540399314,0.990838683341512,False,down
WBGene00016758,2,1.0,PFNA,0.0089566733070317,0.99147537122843,False,up
WBGene00001095,2,0.9666666666666667,PFNA,0.0067481260569862,0.99147537122843,False,up
WBGene00000231,2,1.0,PFNA,0.0063257885709666,0.99147537122843,False,up
WBGene00008868,2,0.9666666666666667,PFNA,0.0072016148700336,0.991541214361639,False,up
WBGene00017285,2,1.0,PFNA,0.0040496955659273,0.991541214361639,False,up
WBGene00003074,2,1.0,PFNA,-0.0051946708173386,0.991541214361639,False,down
WBGene00004409,2,1.0,PFNA,-0.0057151390513339,0.991541214361639,False,down
WBGene00002243,2,1.0,PFNA,-0.0057745010483503,0.991541214361639,False,down
WBGene00010702,2,1.0,PFNA,-0.0060511454710609,0.991541214361639,False,down
WBGene00009353,2,1.0,PFNA,-0.0063858750376841,0.991541214361639,False,down
WBGene00009563,2,0.9666666666666667,PFNA,-0.0067889960891283,0.991541214361639,False,down
WBGene00011556,2,0.9666666666666667,PFNA,-0.0105534964007233,0.991541214361639,False,down
WBGene00194906,2,1.0,PFNA,-0.0203936060877185,0.991541214361639,False,down
WBGene00010960,2,0.9666666666666667,PFNA,0.0068064648488897,0.991619757616559,False,up
WBGene00022856,2,1.0,PFNA,-0.0078152476076656,0.991619757616559,False,down
WBGene00006510,2,0.7,PFNA,0.0248132675027441,0.992566838700613,False,up
WBGene00008621,2,0.9666666666666667,PFNA,0.0155867831713409,0.992566838700613,False,up
WBGene00010472,2,1.0,PFNA,0.0119213777146475,0.992566838700613,False,up
WBGene00000264,2,1.0,PFNA,0.0107662942605587,0.992566838700613,False,up
WBGene00022770,2,1.0,PFNA,0.0098748750338373,0.992566838700613,False,up
WBGene00018337,2,0.9333333333333333,PFNA,0.0088295414017972,0.992566838700613,False,up
WBGene00014666,2,1.0,PFNA,0.0084359688887646,0.992566838700613,False,up
WBGene00004410,2,1.0,PFNA,0.00801366097929,0.992566838700613,False,up
WBGene00021985,2,1.0,PFNA,0.007552921259028,0.992566838700613,False,up
WBGene00018016,2,0.9666666666666667,PFNA,0.0075335106295217,0.992566838700613,False,up
WBGene00044789,2,0.8666666666666667,PFNA,0.0064196415553607,0.992566838700613,False,up
WBGene00012600,2,1.0,PFNA,0.0060697942195703,0.992566838700613,False,up
WBGene00044345,2,1.0,PFNA,0.0059192442932304,0.992566838700613,False,up
WBGene00017974,2,1.0,PFNA,0.003979552118807,0.992566838700613,False,up
WBGene00018857,2,1.0,PFNA,-0.0039048230832769,0.992566838700613,False,down
WBGene00004436,2,1.0,PFNA,-0.0039990010378721,0.992566838700613,False,down
WBGene00008339,2,1.0,PFNA,-0.0042486843339988,0.992566838700613,False,down
WBGene00006324,2,1.0,PFNA,-0.0047545014221813,0.992566838700613,False,down
WBGene00006896,2,0.9333333333333333,PFNA,-0.0052318777559758,0.992566838700613,False,down
WBGene00021074,2,0.9666666666666667,PFNA,-0.00561290715184,0.992566838700613,False,down
WBGene00001425,2,1.0,PFNA,-0.0065906152451505,0.992566838700613,False,down
WBGene00011804,2,1.0,PFNA,-0.0104622306348783,0.992566838700613,False,down
WBGene00044413,2,1.0,PFNA,-0.0123067813324483,0.992566838700613,False,down
WBGene00009482,2,1.0,PFNA,0.0044335017530294,0.993090661883041,False,up
WBGene00016030,2,0.9666666666666667,PFNA,0.0038764460139484,0.993090661883041,False,up
WBGene00017239,2,0.9666666666666667,PFNA,0.0102173994992306,0.993248871717714,False,up
WBGene00013269,2,1.0,PFNA,0.0054320069165024,0.993248871717714,False,up
WBGene00016981,2,1.0,PFNA,-0.0043554981761444,0.993333917044018,False,down
WBGene00001646,2,1.0,PFNA,0.00785765925225,0.993364231840539,False,up
WBGene00015512,2,0.9333333333333333,PFNA,0.0086192372520031,0.99338703540273,False,up
WBGene00020222,2,0.9333333333333333,PFNA,0.0057804773294909,0.99338703540273,False,up
WBGene00003948,2,0.9666666666666667,PFNA,0.0050452622656371,0.99338703540273,False,up
WBGene00021363,2,1.0,PFNA,0.0039160837057306,0.99338703540273,False,up
WBGene00004482,2,1.0,PFNA,0.0035903886314998,0.99338703540273,False,up
WBGene00017895,2,1.0,PFNA,-0.0033772022837112,0.99338703540273,False,down
WBGene00004445,2,1.0,PFNA,-0.0034456639895453,0.99338703540273,False,down
WBGene00004474,2,1.0,PFNA,-0.003530096311952,0.99338703540273,False,down
WBGene00011323,2,1.0,PFNA,-0.0040777327134805,0.99338703540273,False,down
WBGene00015308,2,1.0,PFNA,-0.0042806348422348,0.99338703540273,False,down
WBGene00017347,2,1.0,PFNA,-0.0046796788823834,0.99338703540273,False,down
WBGene00003412,2,1.0,PFNA,-0.0048256213679755,0.99338703540273,False,down
WBGene00021331,2,1.0,PFNA,-0.0056400434328297,0.99338703540273,False,down
WBGene00007913,2,0.7333333333333333,PFNA,-0.0073347889129172,0.99338703540273,False,down
WBGene00018723,2,1.0,PFNA,-0.0084262043053317,0.99338703540273,False,down
WBGene00009069,2,1.0,PFNA,-0.0112731302999509,0.99338703540273,False,down
WBGene00011163,2,1.0,PFNA,-0.0156352738891051,0.99338703540273,False,down
WBGene00021884,2,1.0,PFNA,-0.0083068028300165,0.993630103546172,False,down
WBGene00010305,2,0.9666666666666667,PFNA,-0.0047894723220208,0.993664852763854,False,down
WBGene00021867,2,0.9666666666666667,PFNA,0.0069529832123233,0.994733385815965,False,up
WBGene00007018,2,1.0,PFNA,0.0048835161638444,0.994733385815965,False,up
WBGene00003953,2,1.0,PFNA,0.0042903177425461,0.994733385815965,False,up
WBGene00013379,2,0.5333333333333333,PFNA,0.0040716515108909,0.994733385815965,False,up
WBGene00020264,2,1.0,PFNA,0.0024280624851863,0.994733385815965,False,up
WBGene00001085,2,1.0,PFNA,-0.0025504955558175,0.994733385815965,False,down
WBGene00009565,2,1.0,PFNA,-0.0037852983505607,0.994733385815965,False,down
WBGene00007921,2,0.9666666666666667,PFNA,-0.0038179146311657,0.994733385815965,False,down
WBGene00011418,2,0.9666666666666667,PFNA,-0.0041017363153537,0.994733385815965,False,down
WBGene00009224,2,1.0,PFNA,0.0049282804851208,0.994857655991337,False,up
WBGene00009745,2,0.8666666666666667,PFNA,0.0044404252879485,0.994857655991337,False,up
WBGene00011092,2,1.0,PFNA,0.0041798540861953,0.994857655991337,False,up
WBGene00008767,2,1.0,PFNA,0.0029697753798372,0.994857655991337,False,up
WBGene00008764,2,1.0,PFNA,0.0026954837002372,0.994857655991337,False,up
WBGene00001679,2,0.9666666666666667,PFNA,0.0023206859476927,0.994857655991337,False,up
WBGene00020245,2,0.9666666666666667,PFNA,-0.0053382602432883,0.994857655991337,False,down
WBGene00013884,2,0.5666666666666667,PFNA,-0.0077869040921513,0.994857655991337,False,down
WBGene00012657,2,1.0,PFNA,0.0043344612455399,0.994889082941712,False,up
WBGene00007774,2,0.9666666666666667,PFNA,0.0040546560815608,0.994889082941712,False,up
WBGene00008546,2,1.0,PFNA,0.0035173684778358,0.994889082941712,False,up
WBGene00012121,2,1.0,PFNA,0.0028369970668496,0.994889082941712,False,up
WBGene00018374,2,0.9666666666666667,PFNA,0.0023531180415478,0.994889082941712,False,up
WBGene00006734,2,1.0,PFNA,0.0022642164756658,0.994889082941712,False,up
WBGene00021350,2,1.0,PFNA,0.0021743100182618,0.994889082941712,False,up
WBGene00011994,2,1.0,PFNA,-0.001935016857522,0.994889082941712,False,down
WBGene00020408,2,0.9333333333333333,PFNA,-0.002650568438942,0.994889082941712,False,down
WBGene00020094,2,1.0,PFNA,-0.0029754699646365,0.994889082941712,False,down
WBGene00043064,2,1.0,PFNA,-0.0037903378018036,0.994889082941712,False,down
WBGene00019600,2,1.0,PFNA,-0.0054725203383292,0.994889082941712,False,down
WBGene00000745,2,0.9,PFNA,-0.0075749397095929,0.994889082941712,False,down
WBGene00016942,2,1.0,PFNA,-0.0147790991713093,0.994889082941712,False,down
WBGene00015326,2,0.9333333333333333,PFNA,0.0027503277721488,0.995316197356774,False,up
WBGene00016934,2,0.9,PFNA,0.0026486909403831,0.995316197356774,False,up
WBGene00012559,2,1.0,PFNA,0.002379510603549,0.995316197356774,False,up
WBGene00011444,2,1.0,PFNA,0.0022654727861642,0.995316197356774,False,up
WBGene00018794,2,1.0,PFNA,0.0020512264232103,0.995316197356774,False,up
WBGene00077643,2,0.9666666666666667,PFNA,0.0020089922544074,0.995316197356774,False,up
WBGene00000266,2,0.9666666666666667,PFNA,-0.0015274196573219,0.995316197356774,False,down
WBGene00000532,2,1.0,PFNA,-0.0015572351505309,0.995316197356774,False,down
WBGene00021507,2,1.0,PFNA,-0.0016418930947023,0.995316197356774,False,down
WBGene00000407,2,0.9666666666666667,PFNA,-0.0031522291586049,0.995316197356774,False,down
WBGene00003663,2,1.0,PFNA,-0.0074106621452635,0.995316197356774,False,down
WBGene00010556,2,1.0,PFNA,0.0013274844114161,0.995579059073414,False,up
WBGene00022376,2,1.0,PFNA,-0.0034766307148538,0.995579059073414,False,down
WBGene00016551,2,1.0,PFNA,-0.0045534334259917,0.995579059073414,False,down
WBGene00004490,2,1.0,PFNA,-0.0025786135013703,0.995650252858624,False,down
WBGene00004495,2,1.0,PFNA,0.0018393100704865,0.995723004531574,False,up
WBGene00021938,2,1.0,PFNA,-0.0014025041960684,0.995723004531574,False,down
WBGene00005021,2,0.8333333333333334,PFNA,0.0024562749741753,0.995740172075276,False,up
WBGene00017763,2,1.0,PFNA,-0.0015184166078215,0.995971187693275,False,down
WBGene00004451,2,1.0,PFNA,-0.0018685811328055,0.995971187693275,False,down
WBGene00012802,2,1.0,PFNA,-0.0027078227143764,0.995971187693275,False,down
WBGene00019509,2,0.9666666666666667,PFNA,-0.0030924853366984,0.996198652834509,False,down
WBGene00008598,2,1.0,PFNA,0.0045044552412301,0.996360511945361,False,up
WBGene00014189,2,1.0,PFNA,0.0040690000927839,0.996360511945361,False,up
WBGene00021657,2,0.9666666666666667,PFNA,0.0018820221595735,0.996360511945361,False,up
WBGene00022281,2,1.0,PFNA,0.0018875904391421,0.996871024571573,False,up
WBGene00004449,2,1.0,PFNA,0.0010401459517089,0.996871024571573,False,up
WBGene00003994,2,0.9666666666666667,PFNA,-0.0021531630524837,0.996871024571573,False,down
WBGene00004497,2,1.0,PFNA,-0.0022114835819692,0.996871024571573,False,down
WBGene00009343,2,1.0,PFNA,0.0015099361608772,0.996984988958267,False,up
WBGene00011487,2,1.0,PFNA,-0.0082493546809959,0.996984988958267,False,down
WBGene00021419,2,1.0,PFNA,0.0017876953735792,0.997210002991781,False,up
WBGene00020491,2,1.0,PFNA,-0.0015877100476715,0.99745916917371,False,down
WBGene00008685,2,1.0,PFNA,0.0006426966773298,0.997510958799684,False,up
WBGene00007139,2,0.9666666666666667,PFNA,0.0007935299576304,0.997604512360324,False,up
WBGene00014228,2,0.9666666666666667,PFNA,0.0008317287110286,0.997739085555352,False,up
WBGene00003007,2,0.9666666666666667,PFNA,0.0007140942484381,0.997739085555352,False,up
WBGene00001823,2,0.9666666666666667,PFNA,0.0006903018260017,0.997739085555352,False,up
WBGene00004508,2,1.0,PFNA,0.0005147150674795,0.997739085555352,False,up
WBGene00001043,2,1.0,PFNA,0.0005068420870616,0.997739085555352,False,up
WBGene00007993,2,1.0,PFNA,-0.0004207218541614,0.997739085555352,False,down
WBGene00009284,2,1.0,PFNA,-0.0006762462533435,0.997739085555352,False,down
WBGene00013015,2,0.9666666666666667,PFNA,-0.0007500664272392,0.997739085555352,False,down
WBGene00001249,2,1.0,PFNA,-0.0009778790560672,0.997739085555352,False,down
WBGene00004477,2,1.0,PFNA,-0.0004511657161831,0.997769980925633,False,down
WBGene00045050,2,1.0,PFNA,0.00120745829866,0.99802145602081,False,up
WBGene00007287,2,1.0,PFNA,0.0003868298102685,0.998077940359385,False,up
WBGene00016632,2,1.0,PFNA,0.0006080738965137,0.998180695113109,False,up
WBGene00016391,2,1.0,PFNA,0.0004389279677476,0.998354673485341,False,up
WBGene00008934,2,0.8666666666666667,PFNA,0.0002200389216671,0.999761812455237,False,up
WBGene00004494,2,1.0,PFNA,-0.0001918987354815,0.999776869994807,False,down
WBGene00012645,2,1.0,PFNA,-3.23692125661295e-05,0.999841876948299,False,down
WBGene00018576,2,1.0,PFNA,-8.21516300423082e-05,0.999841876948299,False,down
